BJD - 2454833, Corrected Flux
2146.453190790, 1.001068361,
2146.473623279, 1.001037127,
2146.514487955, 1.000958896,
2146.534920442, 1.000908519,
2146.555352729, 1.000954942,
2146.575785115, 1.000885360,
2146.596217601, 1.000790430,
2146.616649885, 1.000791483,
2146.637082270, 1.000835598,
2146.657514654, 1.000860764,
2146.698379520, 1.000731728,
2146.718811801, 1.000851345,
2146.739244183, 1.000828927,
2146.780109044, 1.000739015,
2146.800541324, 1.000728235,
2146.820973803, 1.000698005,
2146.841406181, 1.000676777,
2146.861838459, 1.000771163,
2146.882270937, 1.000647840,
2146.902703313, 1.000666432,
2146.923135589, 1.000590048,
2146.943568065, 1.000719995,
2146.964000440, 1.000698957,
2146.984432714, 1.000785090,
2147.004865188, 1.000660882,
2147.025297562, 1.000645819,
2147.045729834, 1.000676930,
2147.066162307, 1.000646139,
2147.086594678, 1.000681709,
2147.107027049, 0.996721091,
2147.127459420, 0.991791321,
2147.147891790, 0.992309228,
2147.168324259, 0.998173720,
2147.188756527, 1.000546651,
2147.209188895, 1.000585587,
2147.229621363, 1.000568286,
2147.250053730, 1.000620889,
2147.290918462, 1.000618673,
2147.311350827, 1.000649926,
2147.331783091, 1.000536580,
2147.352215556, 1.000443875,
2147.372647819, 1.000491134,
2147.393080182, 1.000526217,
2147.413512644, 1.000621320,
2147.433944906, 1.000538469,
2147.495241987, 1.000610281,
2147.515674347, 1.000519526,
2147.536106805, 1.000545605,
2147.556539064, 1.000456470,
2147.576971421, 1.000449949,
2147.597403878, 1.000460299,
2147.617836235, 1.000680430,
2147.638268491, 1.000747295,
2147.658700946, 1.000541844,
2147.679133301, 1.000610910,
2147.699565655, 1.000518376,
2147.719998008, 1.000580926,
2147.740430361, 1.000515316,
2147.760862814, 1.000494407,
2147.781295066, 1.000506598,
2147.801727417, 1.000533238,
2147.822159868, 1.000425755,
2147.842592118, 1.000482320,
2147.863024468, 1.000316622,
2147.883456917, 1.000453843,
2147.903889165, 1.000556755,
2147.924321513, 1.000483623,
2147.944753960, 1.000480933,
2147.985618553, 1.000430988,
2148.006050998, 1.000509367,
2148.026483243, 1.000579199,
2148.046915588, 1.000581697,
2148.067348031, 1.000428650,
2148.087780375, 1.000392359,
2148.108212617, 1.000533111,
2148.128645060, 1.000521802,
2148.149077301, 1.000524381,
2148.169509642, 1.000669701,
2148.189942082, 1.000434662,
2148.210374322, 1.000434054,
2148.230806661, 1.000573228,
2148.251239100, 1.000517630,
2148.271671338, 1.000400232,
2148.292103775, 1.000579006,
2148.312536112, 1.000471697,
2148.332968349, 1.000446355,
2148.353400784, 1.000433820,
2148.373833120, 1.000463293,
2148.394265354, 1.000500377,
2148.414697788, 1.000797114,
2148.475994787, 1.000575700,
2148.496427119, 1.000518656,
2148.516859450, 1.000611900,
2148.537291781, 1.000501017,
2148.557724111, 1.000501825,
2148.578156440, 1.000529657,
2148.598588869, 1.000577587,
2148.619021098, 1.000490264,
2148.639453425, 1.000416310,
2148.659885852, 1.000554728,
2148.680318079, 1.000505673,
2148.700750405, 1.000530225,
2148.721182831, 1.000481986,
2148.741615056, 1.000518190,
2148.762047380, 1.000515206,
2148.782479804, 1.000505703,
2148.802912027, 1.000374796,
2148.823344350, 1.000516751,
2148.843776771, 1.000458602,
2148.864208993, 1.000560012,
2148.884641414, 1.000459782,
2148.905073634, 1.000499003,
2148.925505954, 1.000476274,
2148.945938373, 1.000590178,
2148.966370592, 1.000703754,
2148.986802910, 1.000645813,
2149.007235328, 1.000408296,
2149.027667644, 1.000612041,
2149.048099861, 1.000526001,
2149.068532277, 1.000489228,
2149.088964592, 1.000446989,
2149.109396807, 1.000543283,
2149.129829221, 1.000568386,
2149.150261534, 1.000554228,
2149.170693747, 1.000446482,
2149.191126159, 1.000595339,
2149.211558471, 1.000663923,
2149.231990683, 1.000568859,
2149.252423093, 1.000531181,
2149.272855404, 1.000542326,
2149.293287713, 1.000577641,
2149.313720022, 1.000531078,
2149.334152331, 1.000524682,
2149.354584638, 1.000576537,
2149.395449252, 1.000622774,
2149.456746169, 1.000404784,
2149.477178574, 1.000488579,
2149.497610878, 1.000594697,
2149.518043081, 1.000567452,
2149.538475484, 1.000645464,
2149.558907786, 1.000557424,
2149.579339987, 0.999872228,
2149.599772389, 0.993820311,
2149.620204589, 0.991462401,
2149.640636889, 0.994125956,
2149.661069288, 1.000164524,
2149.681501487, 1.000573426,
2149.701933786, 1.000667886,
2149.722366183, 1.000567039,
2149.742798380, 1.000549584,
2149.763230677, 1.000620459,
2149.783663073, 1.000489777,
2149.804095268, 1.000581418,
2149.824527563, 1.000674077,
2149.844959958, 1.000671057,
2149.865392251, 1.000576058,
2149.885824444, 1.000466841,
2149.947121321, 1.000499530,
2149.967553712, 1.000652730,
2150.008418192, 1.000556277,
2150.028850581, 1.000593944,
2150.049282870, 1.000581723,
2150.069715258, 1.000588841,
2150.090147445, 1.000482106,
2150.110579733, 1.000595651,
2150.131012119, 1.000502449,
2150.151444305, 1.000558147,
2150.171876590, 1.000617030,
2150.192308975, 1.000511442,
2150.212741159, 1.000490161,
2150.233173443, 1.000614205,
2150.253605826, 1.000535299,
2150.274038108, 1.000468792,
2150.294470290, 1.000489009,
2150.314902672, 1.000538874,
2150.335334952, 1.000523826,
2150.355767133, 1.000511161,
2150.376199513, 1.000572186,
2150.396631692, 1.000441230,
2150.417063970, 1.000453046,
2150.437496348, 1.000530674,
2150.457928526, 1.000555696,
2150.478360803, 1.000460950,
2150.498793179, 1.000468598,
2150.519225355, 1.000422649,
2150.539657630, 1.000428936,
2150.560090005, 1.000468949,
2150.580522179, 1.000399442,
2150.600954453, 1.000484950,
2150.621386826, 1.000478816,
2150.682683641, 1.000514442,
2150.703115912, 1.000601485,
2150.723548183, 1.000280978,
2150.743980453, 1.000508549,
2150.764412722, 1.000340067,
2150.784845090, 1.000428080,
2150.805277258, 1.000525497,
2150.825709525, 1.000348336,
2150.846141893, 1.000299172,
2150.866574059, 1.000443024,
2150.887006324, 1.000452105,
2150.907438690, 1.000388076,
2150.927870855, 1.000304655,
2150.948303119, 1.000437113,
2150.968735482, 1.000425229,
2150.989167646, 1.000286475,
2151.009599908, 1.000384773,
2151.030032170, 1.000368785,
2151.050464431, 1.000528079,
2151.070896692, 1.000389298,
2151.091329052, 1.000344815,
2151.111761212, 1.000251512,
2151.132193471, 1.000247523,
2151.152625830, 1.000340826,
2151.173057988, 1.000347109,
2151.193490245, 1.000358023,
2151.213922602, 1.000464002,
2151.234354758, 1.000272744,
2151.254787114, 1.000321586,
2151.275219370, 1.000334578,
2151.295651524, 1.000276063,
2151.316083879, 1.000376232,
2151.336516132, 1.000305554,
2151.356948285, 1.000290885,
2151.377380638, 1.000385768,
2151.397812889, 1.000258116,
2151.418245041, 1.000296688,
2151.438677392, 1.000388133,
2151.459109642, 1.000268071,
2151.479541792, 1.000275824,
2151.499974141, 1.000194216,
2151.520406390, 1.000312724,
2151.540838638, 1.000235865,
2151.561270886, 1.000163504,
2151.581703132, 1.000245386,
2151.602135379, 1.000271294,
2151.622567725, 1.000257472,
2151.642999870, 1.000133130,
2151.663432115, 1.000152504,
2151.683864459, 1.000056152,
2151.704296603, 1.000302080,
2151.724728846, 1.000090490,
2151.745161189, 1.000288520,
2151.786025572, 1.000128926,
2151.806457913, 1.000109202,
2151.826890053, 1.000170602,
2151.847322294, 1.000044980,
2151.867754533, 1.000139310,
2151.908619110, 1.000117938,
2151.929051247, 1.000125998,
2151.949483484, 1.000148107,
2151.969915821, 1.000025585,
2151.990348057, 0.999979657,
2152.010780193, 1.000079128,
2152.031212528, 1.000098596,
2152.051644762, 1.000191445,
2152.072076896, 0.997291670,
2152.092509229, 0.991461804,
2152.112941462, 0.991298277,
2152.133373594, 0.996361517,
2152.153805925, 1.000059776,
2152.174238156, 1.000142324,
2152.194670287, 1.000088531,
2152.215102617, 1.000131119,
2152.235534847, 1.000036109,
2152.255966976, 1.000042197,
2152.276399304, 1.000129093,
2152.296831532, 0.999971744,
2152.317263659, 1.000134804,
2152.337695986, 1.000018782,
2152.358128212, 0.999943499,
2152.378560438, 0.999985634,
2152.398992663, 1.000131822,
2152.419424887, 1.000065442,
2152.439857111, 0.999966974,
2152.460289435, 1.000008347,
2152.480721558, 1.000059343,
2152.501153880, 1.000002911,
2152.521586102, 1.000050129,
2152.562450544, 1.000115884,
2152.582882764, 1.000096534,
2152.603314884, 1.000126905,
2152.623747203, 1.000000157,
2152.644179322, 1.000042810,
2152.664611540, 1.000057722,
2152.685043857, 0.999996799,
2152.705475974, 1.000047722,
2152.725908191, 1.000003432,
2152.746340506, 1.000093575,
2152.766772622, 1.000180993,
2152.787204836, 1.000059165,
2152.807637151, 1.000157005,
2152.828069364, 1.000015488,
2152.848501478, 1.000052717,
2152.868933790, 1.000083102,
2152.889366002, 1.000023249,
2152.909798114, 1.000115192,
2152.930230425, 0.999983889,
2152.950662635, 1.000174701,
2152.971094745, 1.000059190,
2152.991527055, 1.000007352,
2153.011959263, 1.000071941,
2153.032391372, 0.999994611,
2153.052823680, 1.000093305,
2153.073255887, 1.000168559,
2153.093688193, 1.000058901,
2153.114120299, 1.000109498,
2153.134552505, 1.000040137,
2153.154984810, 1.000112871,
2153.175416915, 1.000152814,
2153.195849119, 1.000175794,
2153.216281422, 1.000019254,
2153.236713525, 1.000064558,
2153.257145727, 1.000028934,
2153.277577929, 1.000056225,
2153.298010231, 1.000099424,
2153.318442331, 1.000101578,
2153.338874532, 1.000119853,
2153.379738930, 1.000034673,
2153.400171229, 1.000142469,
2153.420603327, 1.000091520,
2153.441035524, 1.000196020,
2153.461467822, 1.000135682,
2153.481899918, 1.000151492,
2153.502332114, 1.000235108,
2153.543196504, 1.000254678,
2153.563628699, 1.000134550,
2153.584060992, 1.000303450,
2153.604493086, 1.000195110,
2153.624925278, 1.000120902,
2153.645357570, 1.000236743,
2153.665789762, 1.000233444,
2153.686221953, 1.000176662,
2153.706654144, 1.000136881,
2153.727086334, 1.000234280,
2153.747518523, 1.000148743,
2153.767950712, 1.000071194,
2153.788382900, 1.000175294,
2153.808815189, 1.000278224,
2153.890543835, 1.000176966,
2153.910976020, 1.000176275,
2153.931408305, 1.000154962,
2153.951840389, 1.000179760,
2153.972272573, 1.000247423,
2153.992704856, 1.000193259,
2154.013136938, 1.000173543,
2154.033569120, 1.000153532,
2154.054001302, 1.000207744,
2154.074433483, 1.000199608,
2154.094865663, 1.000105887,
2154.115297843, 1.000052682,
2154.135730022, 1.000181155,
2154.156162201, 1.000066052,
2154.176594380, 1.000186257,
2154.197026557, 1.000176391,
2154.217458734, 1.000183946,
2154.237891011, 1.000178006,
2154.258323087, 1.000099324,
2154.278755363, 1.000086246,
2154.299187538, 1.000053983,
2154.319619613, 1.000122718,
2154.340051887, 1.000090931,
2154.360484060, 1.000096927,
2154.380916134, 1.000207053,
2154.401348406, 1.000128108,
2154.421780578, 1.000147054,
2154.442212650, 1.000194595,
2154.462644920, 1.000028751,
2154.483077091, 0.999966174,
2154.503509260, 1.000019592,
2154.523941430, 1.000019180,
2154.544373598, 0.999754419,
2154.564805767, 0.994308425,
2154.585237935, 0.990793120,
2154.605670102, 0.992625729,
2154.626102268, 0.998808613,
2154.646534535, 0.999960803,
2154.687398765, 1.000025677,
2154.707831030, 1.000137702,
2154.728263094, 1.000864977,
2154.748695257, 0.999891246,
2154.769127420, 1.000075313,
2154.789559583, 1.000091299,
2154.809991845, 1.000119430,
2154.830423906, 0.999984918,
2154.850856067, 1.000019084,
2154.871288327, 1.000011239,
2154.891720388, 1.000032347,
2154.912152547, 1.000000952,
2154.932584806, 1.000108170,
2154.953016864, 1.000169236,
2154.973449021, 1.000054525,
2154.993881279, 0.999984471,
2155.014313335, 1.000070712,
2155.034745492, 1.000130040,
2155.055177747, 0.999965828,
2155.075609902, 1.000076114,
2155.096041957, 0.999892423,
2155.116474211, 0.999878796,
2155.136906364, 0.999984195,
2155.157338417, 0.999932497,
2155.177770670, 0.999997906,
2155.218634873, 0.999965565,
2155.239067124, 1.000109939,
2155.259499275, 0.999979169,
2155.279931325, 0.999881186,
2155.300363574, 0.999923415,
2155.320795723, 0.999954294,
2155.341227871, 0.999969360,
2155.382092166, 1.000029408,
2155.402524413, 0.999930208,
2155.422956459, 0.999880888,
2155.443388605, 1.000009310,
2155.463820850, 0.999890458,
2155.484252895, 0.999940634,
2155.504685039, 0.999944373,
2155.525117182, 0.999943305,
2155.545549325, 0.999993735,
2155.565981468, 0.999938602,
2155.586413710, 0.999941479,
2155.606845751, 0.999944657,
2155.627277892, 0.999923131,
2155.647710133, 1.000045923,
2155.668142173, 1.000010710,
2155.688574312, 0.999874651,
2155.709006551, 0.999919668,
2155.729438590, 0.999932052,
2155.749870728, 0.999878087,
2155.770302965, 0.999880731,
2155.790735002, 1.000036934,
2155.852031409, 0.999876898,
2155.872463544, 0.999930928,
2155.892895779, 0.999768660,
2155.913327912, 0.999757869,
2155.933759946, 0.999906000,
2155.954192179, 0.999852420,
2155.974624311, 0.999961254,
2155.995056442, 0.999881499,
2156.015488573, 0.999693945,
2156.035920704, 0.999760369,
2156.056352934, 0.999673642,
2156.076784964, 0.999786565,
2156.097217093, 0.999803708,
2156.117649322, 0.999735916,
2156.138081350, 0.999761590,
2156.158513477, 0.999713981,
2156.178945704, 0.999847360,
2156.199377731, 0.999746538,
2156.219809857, 1.000200409,
2156.240242082, 0.999872603,
2156.260674108, 0.999702382,
2156.281106232, 0.999839038,
2156.301538356, 0.999788378,
2156.321970479, 0.999778047,
2156.403698968, 0.999694602,
2156.424131189, 0.999793215,
2156.444563209, 0.999779241,
2156.464995329, 0.999627729,
2156.485427549, 0.999776883,
2156.505859567, 0.999667865,
2156.546723903, 0.999914517,
2156.567155921, 0.999799813,
2156.587588138, 0.999835216,
2156.608020254, 0.999955196,
2156.628452269, 0.999805875,
2156.648884485, 0.999719761,
2156.669316599, 0.999735178,
2156.689748614, 0.999719935,
2156.710180828, 0.999742746,
2156.730612941, 0.999757690,
2156.751045053, 0.999631320,
2156.771477166, 0.999701027,
2156.791909277, 0.999756091,
2156.812341389, 0.999689536,
2156.832773499, 0.999638531,
2156.853205609, 0.999725750,
2156.873637719, 0.999728507,
2156.894069928, 0.999730164,
2156.914501937, 0.999680330,
2156.934934045, 0.999746154,
2156.955366253, 0.999773887,
2156.975798260, 0.999697739,
2156.996230366, 0.999742668,
2157.016662472, 0.999574438,
2157.037094578, 0.997794933,
2157.057526683, 0.991727086,
2157.077958787, 0.990582256,
2157.098390892, 0.994927331,
2157.118822995, 0.999577470,
2157.139255098, 0.999847629,
2157.159687201, 0.999762963,
2157.180119403, 0.999637606,
2157.200551404, 0.999779503,
2157.220983505, 0.999693956,
2157.241415706, 0.999865243,
2157.261847806, 0.999784638,
2157.302712004, 0.999856791,
2157.323144103, 0.999821477,
2157.364008298, 0.999767283,
2157.384440395, 0.999851840,
2157.404872391, 0.999848476,
2157.425304587, 0.999802661,
2157.445736683, 0.999751264,
2157.466168678, 0.999768194,
2157.486600872, 0.999639820,
2157.507032966, 0.999840622,
2157.527464960, 0.999910830,
2157.547897153, 0.999700485,
2157.568329245, 0.999817203,
2157.588761337, 0.999817928,
2157.609193428, 0.999761331,
2157.629625519, 0.999796330,
2157.650057610, 0.999783563,
2157.670489700, 0.999831066,
2157.690921789, 0.999725396,
2157.711353878, 0.999813121,
2157.731785966, 0.999942777,
2157.752218054, 0.999934987,
2157.813514315, 1.000034097,
2157.833946501, 1.000008884,
2157.854378486, 1.000037217,
2157.874810571, 0.999897905,
2157.895242755, 0.999950110,
2157.915674739, 0.999918397,
2157.936106823, 1.000032264,
2157.956539005, 0.999946422,
2157.976970988, 1.000097174,
2157.997403070, 0.999961165,
2158.017835251, 1.000030562,
2158.038267232, 1.000047603,
2158.058699312, 1.000101909,
2158.079131493, 1.000127159,
2158.099563572, 1.000085746,
2158.119995551, 1.000001261,
2158.140427729, 0.999994554,
2158.160859807, 0.999986904,
2158.181291785, 1.000043647,
2158.201723961, 0.999904753,
2158.222156038, 1.000025064,
2158.242588014, 1.000136169,
2158.263020189, 0.999951099,
2158.283452264, 0.999975216,
2158.303884238, 1.000027039,
2158.324316412, 1.000198988,
2158.344748486, 1.000045067,
2158.365180659, 1.000126945,
2158.385612631, 0.999985439,
2158.406044703, 1.000058685,
2158.426476874, 1.000057499,
2158.446908845, 0.999937138,
2158.467340916, 0.999898649,
2158.487773086, 1.000036574,
2158.508205055, 1.000138834,
2158.528637124, 1.000070507,
2158.549069192, 1.000110854,
2158.569501260, 1.000076683,
2158.589933328, 1.000183044,
2158.610365495, 1.000043442,
2158.651229528, 0.999947446,
2158.671661693, 1.000101154,
2158.692093658, 0.999920466,
2158.712525722, 1.000078121,
2158.732957886, 0.999999618,
2158.773821913, 0.999899194,
2158.794254075, 1.000017834,
2158.814686037, 1.000060171,
2158.835118099, 1.000043074,
2158.855550260, 1.000137368,
2158.875982220, 0.999950564,
2158.896414380, 0.999998107,
2158.916846440, 0.999885783,
2158.937278499, 0.999914701,
2158.957710558, 0.999976966,
2158.978142616, 0.999872968,
2158.998574674, 0.999942850,
2159.019006730, 0.999939770,
2159.039438787, 0.999981410,
2159.059870844, 0.999911453,
2159.080302999, 1.000024929,
2159.100734954, 0.999987269,
2159.121167009, 1.000008731,
2159.141599163, 1.000113737,
2159.162031117, 1.000043232,
2159.182463170, 1.000022397,
2159.202895323, 0.999877739,
2159.223327275, 0.999916054,
2159.243759326, 0.999866657,
2159.264191378, 0.999992474,
2159.284623428, 0.999928555,
2159.305055479, 0.999975940,
2159.325487528, 0.999922153,
2159.345919578, 0.999951070,
2159.366351627, 0.999919145,
2159.386783675, 0.999796502,
2159.407215723, 0.999990628,
2159.427647770, 0.999917648,
2159.448079917, 0.999866524,
2159.468511863, 0.999904878,
2159.509376054, 0.999826658,
2159.529807999, 0.995355232,
2159.550240144, 0.990836392,
2159.570672188, 0.991635747,
2159.591104131, 0.997756050,
2159.611536274, 0.999877138,
2159.631968317, 0.999821731,
2159.652400258, 0.999811861,
2159.672832400, 0.999734926,
2159.693264441, 0.999682495,
2159.713696381, 0.999749204,
2159.754560561, 0.999780190,
2159.774992600, 0.999734263,
2159.795424639, 0.999779230,
2159.815856677, 0.999797808,
2159.836288715, 0.999688201,
2159.856720751, 0.999742962,
2159.877152788, 0.999754268,
2159.897584824, 0.999784008,
2159.918016960, 0.999764900,
2159.938448895, 0.999712954,
2159.958880930, 0.999721256,
2159.979312964, 0.999845239,
2159.999744998, 0.999644116,
2160.020176931, 0.999586034,
2160.040609064, 0.999584014,
2160.061041096, 0.999678042,
2160.081473228, 0.999691031,
2160.101905159, 0.999578176,
2160.122337190, 0.999522255,
2160.142769321, 0.999620529,
2160.163201250, 0.999549992,
2160.183633280, 0.999615400,
2160.204065408, 0.999532003,
2160.224497337, 0.999635912,
2160.244929365, 0.999542560,
2160.265361493, 0.999604828,
2160.285793520, 0.999506943,
2160.306225446, 0.999662369,
2160.326657572, 0.999591178,
2160.347089598, 0.999604102,
2160.367521523, 0.999695404,
2160.387953647, 0.999516576,
2160.408385671, 0.999559180,
2160.428817595, 0.999558997,
2160.449249718, 0.999584093,
2160.469681741, 0.999570069,
2160.490113663, 0.999623138,
2160.510545785, 0.999556149,
2160.530977806, 0.999513035,
2160.551409727, 0.999432783,
2160.571841847, 0.999497541,
2160.592273867, 0.999659945,
2160.612705886, 0.999422565,
2160.633137906, 0.999555017,
2160.653569924, 0.999391436,
2160.674002042, 0.999580649,
2160.694433959, 0.999504959,
2160.735298093, 0.999497437,
2160.755730008, 0.999415665,
2160.796594039, 0.999489969,
2160.817026054, 0.999674852,
2160.837458068, 0.999646097,
2160.857890181, 0.999544723,
2160.878322094, 0.999641707,
2160.898754108, 0.999769791,
2160.919186220, 0.999580927,
2160.939618131, 0.999452612,
2160.960050142, 0.999485056,
2160.980482254, 0.999447877,
2161.000914164, 0.999495050,
2161.021346174, 0.999447378,
2161.041778283, 0.999605635,
2161.062210192, 0.999552196,
2161.082642200, 0.999473425,
2161.103074308, 0.999399374,
2161.123506316, 0.999404378,
2161.143938223, 0.999378521,
2161.164370329, 0.999401331,
2161.184802335, 0.999346888,
2161.205234241, 0.999428115,
2161.225666346, 0.999419240,
2161.246098351, 0.999422797,
2161.266530255, 0.999403278,
2161.286962359, 0.999406143,
2161.307394362, 0.999405866,
2161.327826465, 0.999321339,
2161.368690369, 0.999371240,
2161.389122470, 0.999415078,
2161.429986371, 0.999322272,
2161.470850371, 0.999416634,
2161.491282370, 0.999444188,
2161.511714368, 0.999442803,
2161.532146366, 0.999442794,
2161.552578364, 0.999447039,
2161.573010361, 0.999482038,
2161.593442358, 0.999369766,
2161.613874354, 0.999370372,
2161.634306350, 0.999315650,
2161.654738345, 0.999455155,
2161.675170340, 0.999330450,
2161.736466321, 0.999452741,
2161.756898414, 0.999480934,
2161.777330307, 0.999417747,
2161.797762299, 0.999389103,
2161.818194390, 0.999474685,
2161.838626281, 0.999230961,
2161.859058372, 0.999311034,
2161.879490362, 0.999381605,
2161.899922252, 0.999452115,
2161.920354340, 0.999346574,
2161.940786329, 0.999392298,
2161.961218318, 0.999345840,
2161.981650305, 0.999349998,
2162.002082293, 0.998341250,
2162.022514280, 0.992216056,
2162.042946266, 0.990152416,
2162.063378252, 0.993439258,
2162.083810237, 0.998991751,
2162.104242223, 0.999563819,
2162.124674207, 0.999368142,
2162.145106191, 0.999406245,
2162.206402140, 0.999383192,
2162.226834123, 0.999490001,
2162.247266105, 0.999344998,
2162.267697986, 0.999405396,
2162.288130067, 0.999423718,
2162.308562047, 0.999387014,
2162.328993927, 0.999401578,
2162.349426007, 0.999525058,
2162.369857986, 0.999430261,
2162.390289964, 0.999488557,
2162.410721942, 0.999466191,
2162.431153920, 0.999406826,
2162.451585997, 0.999522630,
2162.472017874, 0.999494668,
2162.512881926, 0.999482426,
2162.533313901, 0.999447929,
2162.553745776, 0.999489811,
2162.574177851, 0.999480673,
2162.594609824, 0.999488598,
2162.615041698, 0.999484582,
2162.635473771, 0.999619894,
2162.655905743, 0.999574808,
2162.696769687, 0.999648812,
2162.717201658, 0.999705134,
2162.737633529, 0.999549436,
2162.758065599, 0.999580563,
2162.778497569, 0.999625282,
2162.798929538, 0.999655657,
2162.819361508, 0.999711643,
2162.839793476, 0.999652660,
2162.860225444, 0.999650696,
2162.880657411, 0.999625871,
2162.901089379, 0.999563125,
2162.941953312, 0.999592186,
2162.962385277, 0.999646955,
2162.982817242, 0.999603227,
2163.003249207, 0.999726944,
2163.023681171, 0.999658379,
2163.044113235, 1.000406660,
2163.064545099, 0.999665509,
2163.084977062, 0.999726095,
2163.105409124, 0.999753459,
2163.125840986, 0.999659758,
2163.187136870, 0.999873678,
2163.207568830, 0.999799815,
2163.228000890, 0.999765661,
2163.248432749, 0.999835790,
2163.268864708, 0.999756455,
2163.289296767, 0.999841503,
2163.309728624, 0.999758928,
2163.330160582, 0.999847143,
2163.350592639, 0.999819932,
2163.371024596, 0.999797040,
2163.391456452, 0.999828175,
2163.411888508, 0.999871381,
2163.432320463, 0.999874019,
2163.452752318, 0.999713268,
2163.473184372, 0.999893805,
2163.493616326, 0.999745406,
2163.514048180, 0.999896458,
2163.534480233, 0.999858043,
2163.554912186, 0.999834275,
2163.575344238, 0.999791375,
2163.595776089, 0.999872928,
2163.616208041, 0.999977854,
2163.697935841, 0.999892672,
2163.718367790, 0.999939231,
2163.738799738, 0.999963320,
2163.759231687, 1.000036593,
2163.779663634, 1.000005061,
2163.800095581, 0.999975456,
2163.820527528, 0.999920185,
2163.840959474, 0.999967188,
2163.861391420, 1.000067479,
2163.881823466, 1.000026391,
2163.922687255, 0.999880255,
2163.943119300, 0.999953870,
2163.963551143, 0.999994750,
2163.983983086, 1.000045073,
2164.004415129, 0.999985863,
2164.024846971, 0.999912257,
2164.045278913, 0.999844667,
2164.065710954, 1.000022710,
2164.086142795, 0.999903535,
2164.106574736, 1.000005041,
2164.127006776, 1.000048574,
2164.147438615, 0.999910045,
2164.167870655, 0.999985601,
2164.208734532, 1.000075646,
2164.229166470, 1.000014895,
2164.249598407, 0.999973054,
2164.270030344, 0.999894107,
2164.290462380, 0.999880650,
2164.310894217, 0.999933149,
2164.351758187, 1.000022238,
2164.372190022, 1.000040438,
2164.413053890, 0.999956460,
2164.433485824, 1.000070220,
2164.453917756, 0.999932714,
2164.474349689, 0.999973997,
2164.494781621, 0.996589525,
2164.515213453, 0.992932641,
2164.535645484, 0.991177206,
2164.556077415, 0.996816422,
2164.576509345, 0.999923890,
2164.596941275, 0.999793102,
2164.617373205, 1.000046103,
2164.637805134, 0.999821410,
2164.658237062, 0.999867053,
2164.678668990, 0.999886618,
2164.699101018, 0.999840294,
2164.719532945, 0.999810760,
2164.739964772, 0.999770134,
2164.760396799, 0.999884630,
2164.780828725, 0.999831855,
2164.801260550, 0.999755142,
2164.821692575, 0.999746934,
2164.842124500, 0.999771659,
2164.862556324, 0.999743427,
2164.903420271, 0.999747215,
2164.923852094, 0.999745201,
2164.944284116, 0.999799128,
2164.964716038, 0.999903763,
2164.985147860, 0.999717921,
2165.005579881, 0.999782640,
2165.026011802, 0.999794764,
2165.046443722, 0.999802114,
2165.066875642, 0.999669411,
2165.087307561, 0.999622712,
2165.107739480, 0.999738823,
2165.128171399, 0.999705271,
2165.148603317, 0.999660866,
2165.169035234, 0.999628495,
2165.189467251, 0.999685737,
2165.209899069, 0.999672888,
2165.230331085, 0.999674252,
2165.250762901, 0.999601570,
2165.291626831, 0.999574545,
2165.312058646, 0.999520948,
2165.332490560, 0.999520237,
2165.352922574, 0.999525922,
2165.414218313, 0.999472504,
2165.434650125, 0.999588314,
2165.455082036, 0.999534242,
2165.475514047, 0.999420448,
2165.495945858, 0.999537261,
2165.516377768, 0.999410899,
2165.536809778, 0.999607058,
2165.557241688, 0.999418847,
2165.577673497, 0.999487147,
2165.598105505, 0.999414091,
2165.638969221, 0.999571236,
2165.659401228, 0.999440110,
2165.679833135, 0.999501583,
2165.700264942, 0.999508094,
2165.720696948, 0.999418407,
2165.741128853, 0.999596555,
2165.761560858, 0.999406658,
2165.781992663, 0.999484412,
2165.802424567, 0.999517924,
2165.822856571, 0.999429834,
2165.843288375, 0.999542808,
2165.863720278, 0.999472115,
2165.884152180, 0.999525124,
2165.904584082, 0.999601586,
2165.925015984, 0.999440661,
2165.945447885, 0.999338489,
2165.965879786, 0.999279119,
2165.986311687, 0.999492181,
2166.006743587, 0.999275915,
2166.027175486, 0.999425366,
2166.047607385, 0.999446024,
2166.068039384, 0.999386944,
2166.088471182, 0.999450283,
2166.108903080, 0.999388131,
2166.129335078, 0.999522121,
2166.149766875, 0.999453405,
2166.170198772, 0.999341887,
2166.190630768, 0.999324904,
2166.211062564, 0.999415726,
2166.231494459, 0.999263861,
2166.251926453, 0.999280862,
2166.272358248, 0.999301698,
2166.292790242, 0.999325254,
2166.313222136, 0.999457387,
2166.333653929, 0.999358205,
2166.374517814, 0.999274311,
2166.415381598, 0.999257925,
2166.435813489, 0.999212956,
2166.456245380, 0.999258640,
2166.476677270, 0.999386895,
2166.497109160, 0.999394111,
2166.517541049, 0.999225082,
2166.537973038, 0.999291291,
2166.558404827, 0.999288135,
2166.578836715, 0.999303227,
2166.619700490, 0.999302568,
2166.640132377, 0.999294288,
2166.660564263, 0.999331890,
2166.680996149, 0.999319821,
2166.701428035, 0.999240867,
2166.721859920, 0.999310578,
2166.742291805, 0.999303507,
2166.762723689, 0.999327298,
2166.783155574, 0.999367249,
2166.803587457, 0.999154497,
2166.864883105, 0.999336312,
2166.885315087, 0.999398692,
2166.905746968, 0.999311740,
2166.926178750, 0.999430729,
2166.946610730, 0.999357172,
2166.967042610, 0.998818790,
2166.987474390, 0.993061777,
2167.007906370, 0.990137324,
2167.028338248, 0.992396897,
2167.048770027, 0.998626200,
2167.069202005, 0.999343665,
2167.110065660, 0.999476987,
2167.130497637, 0.999433942,
2167.150929514, 0.999449604,
2167.171361290, 0.999358482,
2167.212225141, 0.999386546,
2167.232657015, 0.999547599,
2167.253088889, 0.999477954,
2167.273520764, 0.999442886,
2167.293952637, 0.999479405,
2167.314384510, 0.999473131,
2167.355248355, 0.999565962,
2167.375680128, 0.999429596,
2167.396111999, 0.999396037,
2167.416543970, 0.999474148,
2167.457407611, 0.999480179,
2167.477839581, 0.999425340,
2167.498271350, 0.999570894,
2167.518703219, 0.999534488,
2167.539135188, 0.999516889,
2167.559566956, 0.999473010,
2167.600430791, 0.999452915,
2167.620862558, 0.999562138,
2167.641294425, 0.999496855,
2167.661726391, 0.999469611,
2167.682158157, 0.999515367,
2167.702590022, 0.999750505,
2167.723021987, 0.999530417,
2167.743453852, 0.999509280,
2167.763885616, 0.999561619,
2167.784317580, 0.999654758,
2167.804749443, 0.999542330,
2167.845613168, 0.999552987,
2167.866045030, 0.999534612,
2167.886476992, 0.999595482,
2167.906908753, 0.999480306,
2167.927340614, 0.999517635,
2167.947772575, 0.999510672,
2167.968204335, 0.999598123,
2167.988636194, 0.999528501,
2168.009068154, 0.999598771,
2168.029499912, 0.999664825,
2168.049931771, 0.999469427,
2168.090795486, 0.999446236,
2168.111227344, 0.999641758,
2168.131659200, 0.999608814,
2168.152091057, 0.999617390,
2168.172522913, 0.999568614,
2168.192954769, 0.999457637,
2168.213386624, 0.999590525,
2168.233818479, 0.999530107,
2168.254250433, 0.999523711,
2168.274682187, 0.999615373,
2168.335977946, 0.999495926,
2168.356409799, 0.999604594,
2168.376841751, 0.999594604,
2168.397273602, 0.999662913,
2168.417705553, 0.999619270,
2168.438137304, 0.999629139,
2168.458569155, 0.999542533,
2168.479001104, 0.999484322,
2168.499432854, 0.999527345,
2168.519864703, 0.999415502,
2168.540296652, 0.999387413,
2168.581160248, 0.999777561,
2168.601592196, 0.999545523,
2168.622024043, 0.999593288,
2168.642455790, 0.999490649,
2168.662887736, 0.999665310,
2168.703751328, 0.999704303,
2168.724183273, 0.999627903,
2168.744615118, 0.999533022,
2168.765046862, 0.999532315,
2168.785478806, 0.999608220,
2168.846774335, 0.999673332,
2168.867206078, 0.999567277,
2168.887637920, 0.999647388,
2168.908069861, 0.999583328,
2168.928501602, 0.999646238,
2168.948933543, 0.999550131,
2168.969365383, 0.999790507,
2168.989797124, 0.999574287,
2169.010229063, 0.999661802,
2169.030660902, 0.999744277,
2169.071524580, 0.999686403,
2169.091956418, 0.999636089,
2169.112388255, 0.999827812,
2169.132820093, 0.999627430,
2169.153251929, 0.999799824,
2169.173683766, 0.999662355,
2169.194115702, 0.999597880,
2169.214547437, 0.999647148,
2169.234979273, 0.999651108,
2169.255411208, 0.999558931,
2169.275842942, 0.999605290,
2169.316706710, 0.999721037,
2169.337138443, 0.999608396,
2169.357570276, 0.999639839,
2169.378002208, 0.999788360,
2169.398433941, 0.999657656,
2169.418865872, 0.999570668,
2169.439297704, 0.999668221,
2169.459729535, 0.997287651,
2169.480161365, 0.991367175,
2169.500593095, 0.990634442,
2169.521025025, 0.995389098,
2169.561888684, 0.999603209,
2169.582320412, 0.999652256,
2169.602752340, 0.999596488,
2169.623184168, 0.999602616,
2169.643615896, 0.999620574,
2169.664047823, 0.999615363,
2169.684479649, 0.999646701,
2169.704911376, 0.999610067,
2169.725343302, 0.999659160,
2169.745775127, 0.999661364,
2169.766206852, 0.999642048,
2169.807070601, 0.999916362,
2169.827502325, 0.999707144,
2169.847934249, 0.999821450,
2169.868366072, 0.999687108,
2169.888797995, 0.999694746,
2169.909229717, 0.999742006,
2169.929661539, 0.999725379,
2169.950093461, 0.999790893,
2169.970525182, 0.999679225,
2169.990957003, 0.999817419,
2170.052252463, 0.999671415,
2170.072684383, 0.999786254,
2170.093116201, 0.999692010,
2170.113547920, 0.999706944,
2170.133979838, 0.999714150,
2170.154411656, 0.999675525,
2170.174843373, 0.999713062,
2170.195275290, 0.999652720,
2170.215707107, 0.999629873,
2170.236138823, 0.999659610,
2170.256570739, 0.999708437,
2170.297434270, 0.999700015,
2170.317866184, 0.999672639,
2170.338297899, 0.999666928,
2170.358729713, 0.999690328,
2170.379161626, 0.999679969,
2170.399593439, 0.999715320,
2170.420025252, 0.999664316,
2170.440457065, 0.999562801,
2170.460888877, 0.999645415,
2170.481320688, 0.999768307,
2170.501752500, 0.999648994,
2170.522184311, 0.999630837,
2170.542616221, 0.999650119,
2170.563047931, 0.999601094,
2170.583479741, 0.999713947,
2170.603911651, 0.999683502,
2170.624343360, 0.999656077,
2170.644775168, 0.999642940,
2170.665207077, 0.999591290,
2170.685638784, 0.999688891,
2170.706070592, 1.001052721,
2170.726502499, 1.002315565,
2170.787797918, 0.999738447,
2170.808229624, 0.999648870,
2170.869525138, 0.999765861,
2170.889956943, 0.999678704,
2170.910388746, 0.999765553,
2170.930820549, 0.999744383,
2170.951252352, 0.999791958,
2170.971684155, 0.999783962,
2171.032979561, 0.999703756,
2171.053411262, 0.999636791,
2171.073843163, 0.999844569,
2171.094274963, 0.999689694,
2171.114706663, 0.999807221,
2171.135138563, 0.999839010,
2171.155570362, 0.999753021,
2171.176002061, 0.999833736,
2171.196433959, 0.999772780,
2171.216865757, 0.999829699,
2171.237297555, 0.999815151,
2171.278161149, 0.999813979,
2171.298592946, 0.999658408,
2171.319024742, 0.999712802,
2171.339456538, 0.999882706,
2171.359888434, 0.999820158,
2171.380320229, 0.999912646,
2171.400751924, 0.999708355,
2171.421183818, 0.999655439,
2171.441615612, 0.999859902,
2171.462047306, 0.999736612,
2171.482479199, 0.999787826,
2171.523342685, 0.999751967,
2171.543774577, 0.999780937,
2171.564206369, 0.999797400,
2171.584638060, 0.999919965,
2171.605069951, 0.999802868,
2171.625501742, 0.999809158,
2171.645933432, 0.999770121,
2171.666365323, 0.999850940,
2171.686797112, 0.999927224,
2171.727660690, 0.999859152,
2171.748092479, 0.999857218,
2171.768524167, 0.999944657,
2171.788956055, 0.999842444,
2171.809387842, 0.999899269,
2171.829819629, 0.999888058,
2171.850251416, 1.000012397,
2171.870683202, 0.999842089,
2171.891114988, 0.999899269,
2171.911546774, 0.999990163,
2171.931978559, 0.999883696,
2171.952410444, 0.995940249,
2172.013705796, 0.998379416,
2172.034137480, 0.999911744,
2172.054569263, 0.999896136,
2172.075001145, 0.999943993,
2172.095432828, 0.999912222,
2172.115864610, 0.999969164,
2172.136296491, 1.000000238,
2172.156728173, 0.999887187,
2172.177159954, 1.000011161,
2172.197591834, 0.999958921,
2172.258887173, 0.999875300,
2172.279318953, 0.999904164,
2172.299750731, 0.999883041,
2172.320182510, 0.999910836,
2172.340614288, 1.000002959,
2172.361046065, 0.999975445,
2172.381477843, 0.999946574,
2172.401909620, 0.999930843,
2172.422341396, 0.999918112,
2172.442773172, 0.999830561,
2172.463204948, 0.999896668,
2172.483636724, 0.999855997,
2172.504068499, 0.999842812,
2172.524500173, 0.999905759,
2172.544932048, 0.999897027,
2172.565363822, 1.000004377,
2172.585795595, 0.999862161,
2172.606227369, 0.999945403,
2172.626659142, 1.000047747,
2172.647090914, 0.999877315,
2172.667522687, 1.000001632,
2172.687954459, 0.999974711,
2172.708386330, 1.000060958,
2172.749249772, 1.000057817,
2172.769681643, 0.999985525,
2172.790113413, 1.000028536,
2172.810545083, 0.999991796,
2172.830976952, 0.999953065,
2172.851408721, 0.999904748,
2172.871840390, 1.000079229,
2172.892272258, 1.000122725,
2172.912704026, 0.999919903,
2172.933135694, 1.000003084,
2172.953567561, 1.000038665,
2172.973999328, 1.000083749,
2172.994430994, 1.000061046,
2173.014862861, 1.000032189,
2173.035294627, 1.000140773,
2173.055726392, 1.000049791,
2173.076158157, 1.000152795,
2173.117021687, 1.000192342,
2173.157885214, 1.000215114,
2173.178316978, 1.000240079,
2173.198748741, 1.000085750,
2173.239612366, 1.000128096,
2173.260044028, 1.000104525,
2173.280475790, 1.000130415,
2173.300907651, 1.000242203,
2173.321339312, 1.000230569,
2173.341771073, 1.000199808,
2173.362202933, 1.000227262,
2173.382634593, 1.000219354,
2173.403066352, 1.000121559,
2173.443929871, 1.000205950,
2173.484793487, 1.000075844,
2173.505225145, 1.000163213,
2173.525656903, 1.000251969,
2173.546088760, 1.000258642,
2173.566520416, 1.000238028,
2173.586952273, 1.000301067,
2173.607384029, 1.000200817,
2173.627815785, 1.000141870,
2173.648247540, 1.000221242,
2173.668679295, 1.000161543,
2173.689111050, 1.000298287,
2173.729974558, 1.000104280,
2173.750406312, 1.000265273,
2173.770838165, 1.000216951,
2173.811701571, 1.000305259,
2173.832133423, 1.000238808,
2173.852565075, 1.000331673,
2173.872996827, 1.000207099,
2173.893428578, 1.000250011,
2173.913860329, 1.000202147,
2173.934291980, 1.000215731,
2173.954723830, 1.000185256,
2173.995587429, 1.000369939,
2174.016019079, 1.000293209,
2174.036450827, 1.000313475,
2174.056882676, 1.000327100,
2174.077314424, 1.000161897,
2174.097746072, 1.000233826,
2174.118177920, 1.000073254,
2174.138609667, 1.000232512,
2174.159041314, 1.000110254,
2174.220336552, 1.000230740,
2174.240768398, 1.000196510,
2174.261200143, 1.000247187,
2174.281631787, 1.000228533,
2174.302063632, 1.000327954,
2174.322495376, 1.000189461,
2174.342927020, 1.000195462,
2174.363358863, 1.000284069,
2174.383790607, 1.000233969,
2174.404222249, 1.000151770,
2174.485949317, 0.994826798,
2174.506381058, 1.000065245,
2174.526812799, 1.000308051,
2174.547244639, 1.000210030,
2174.567676279, 1.000238475,
2174.588108019, 1.000230707,
2174.608539758, 1.000195421,
2174.628971498, 1.000267317,
2174.649403336, 1.000201865,
2174.669834975, 1.000237426,
2174.690266713, 1.000192395,
2174.710698551, 1.000126648,
2174.731130188, 1.000185796,
2174.751561925, 1.000124586,
2174.771993762, 1.000236605,
2174.792425398, 1.000083408,
2174.812857134, 1.000163917,
2174.833288970, 1.000140152,
2174.853720605, 1.000160898,
2174.874152441, 1.000174323,
2174.894584175, 1.000291510,
2174.915015910, 1.000099616,
2174.955879377, 1.000186782,
2174.976311111, 1.000074061,
2174.996742844, 1.000105607,
2175.017174577, 1.000240903,
2175.037606309, 1.000210445,
2175.058038141, 1.000147897,
2175.078469773, 1.000256367,
2175.098901504, 1.000186730,
2175.119333336, 1.000260795,
2175.139764966, 1.000251308,
2175.201060157, 1.000200478,
2175.221491886, 1.000241286,
2175.241923715, 1.000078209,
2175.262355344, 1.000198166,
2175.303218901, 1.000246560,
2175.323650529, 1.000260188,
2175.344082356, 1.000245288,
2175.364513983, 1.000258440,
2175.384945710, 1.000247615,
2175.405377537, 1.000241396,
2175.466672714, 1.000110182,
2175.487104440, 1.000284832,
2175.507536065, 1.000255180,
2175.527967889, 1.000298656,
2175.548399613, 1.000286410,
2175.568831237, 1.000230571,
2175.589263061, 1.000338774,
2175.609694784, 1.000542073,
2175.630126407, 1.000346241,
2175.650558230, 1.000339102,
2175.670989952, 1.000359248,
2175.691421774, 1.000314542,
2175.711853396, 1.000289587,
2175.732285117, 1.000340908,
2175.752716938, 1.000405160,
2175.773148559, 1.000366107,
2175.793580279, 1.000405264,
2175.834443719, 1.000516889,
2175.854875438, 1.000418561,
2175.875307258, 1.000410573,
2175.895738976, 1.000323563,
2175.916170595, 1.000502849,
2175.957034131, 1.000359638,
2175.977465748, 1.000495094,
2175.997897565, 1.000455432,
2176.018329182, 1.000570788,
2176.038760899, 1.000531972,
2176.059192715, 1.000533723,
2176.079624431, 1.000431814,
2176.100056146, 1.000579549,
2176.120487862, 1.000472803,
2176.181783006, 1.000442120,
2176.202214620, 1.000492698,
2176.222646433, 1.000529906,
2176.243078147, 1.000611930,
2176.283941572, 1.000584754,
2176.324804997, 1.000569349,
2176.345236709, 1.000640214,
2176.365668420, 1.000600181,
2176.426963553, 1.000475866,
2176.447395263, 1.000451158,
2176.467827073, 1.000462208,
2176.488258682, 1.000422508,
2176.508690492, 1.000511016,
2176.529122201, 1.000393029,
2176.549553809, 1.000455701,
2176.569985618, 1.000488775,
2176.590417326, 1.000492833,
2176.610848933, 1.000541388,
2176.672144055, 1.000440947,
2176.692575861, 1.000491775,
2176.713007567, 1.001244853,
2176.733439173, 1.000589501,
2176.753870979, 1.000588393,
2176.774302584, 1.000536913,
2176.794734289, 1.000482263,
2176.815166093, 1.000451996,
2176.835597798, 1.000536468,
2176.856029402, 1.000489707,
2176.876461205, 1.000504201,
2176.896892909, 1.000474269,
2176.917324612, 0.996606041,
2176.937756314, 0.991630324,
2176.958188017, 0.992084169,
2176.978619819, 0.997715996,
2177.019483122, 1.000548961,
2177.039914924, 1.000434560,
2177.060346524, 1.000488850,
2177.080778225, 1.000460375,
2177.162505124, 1.000524833,
2177.182936723, 1.000607686,
2177.203368422, 1.000486195,
2177.223800221, 1.000533489,
2177.244231819, 1.000586087,
2177.264663517, 1.000518504,
2177.285095314, 1.000500812,
2177.305527011, 1.000576834,
2177.325958708, 1.000581354,
2177.346390405, 1.000378577,
2177.366822101, 1.000495614,
2177.407685493, 1.000417742,
2177.428117188, 1.000423197,
2177.448548984, 1.000488014,
2177.468980578, 1.000432464,
2177.489412273, 1.000455607,
2177.509843967, 1.000445167,
2177.530275661, 1.000295223,
2177.550707254, 1.000484636,
2177.571139048, 1.000540001,
2177.591570741, 1.000442192,
2177.652865818, 1.000427859,
2177.673297510, 1.000496799,
2177.693729201, 1.000425707,
2177.714160892, 1.000429269,
2177.734592683, 1.000444033,
2177.755024274, 1.000358340,
2177.775455964, 1.000454495,
2177.795887754, 1.000397341,
2177.816319444, 1.000429095,
2177.898046100, 1.000406646,
2177.918477888, 1.000329202,
2177.938909576, 1.000416650,
2177.959341164, 1.000437700,
2177.979772951, 1.000349652,
2178.000204638, 1.000572941,
2178.020636225, 1.000314147,
2178.041068011, 1.001064210,
2178.061499697, 1.000343237,
2178.081931283, 1.000424882,
2178.102363069, 1.000291913,
2178.122794754, 1.000386990,
2178.143226439, 1.000357268,
2178.163658124, 1.000355699,
2178.184089808, 1.000336821,
2178.204521492, 1.000470184,
2178.224953176, 1.000361913,
2178.245384859, 1.000297278,
2178.265816542, 1.000419031,
2178.286248226, 1.000325006,
2178.306679908, 1.000311166,
2178.327111590, 1.000301761,
2178.347543273, 1.000457106,
2178.367974954, 1.000272901,
2178.388406736, 1.000400459,
2178.408838317, 1.000326921,
2178.429269998, 1.000252866,
2178.449701778, 1.000275974,
2178.470133359, 1.000262784,
2178.490565038, 1.000352201,
2178.510996818, 1.000275711,
2178.531428398, 1.000343395,
2178.551860177, 1.000243526,
2178.572291856, 1.000340122,
2178.592723434, 1.000261205,
2178.633586890, 1.000095931,
2178.654018568, 1.000134912,
2178.674450245, 1.000263606,
2178.694881923, 1.000158428,
2178.715313599, 1.000223388,
2178.735745276, 1.000210381,
2178.756176952, 1.000160141,
2178.776608628, 1.000084819,
2178.797040404, 1.000177434,
2178.817471979, 1.000113735,
2178.837903654, 1.000085971,
2178.858335429, 1.000654767,
2178.878767004, 1.000303808,
2178.899198778, 1.000150281,
2178.919630352, 1.000227485,
2178.940062025, 1.000085575,
2178.960493799, 1.000130791,
2178.980925372, 1.000264771,
2179.001357045, 1.000167522,
2179.021788817, 1.000272538,
2179.042220389, 1.000202973,
2179.062652062, 1.000224149,
2179.083083833, 1.000073472,
2179.123947076, 1.000040666,
2179.144378847, 1.000202279,
2179.164810417, 1.000266587,
2179.185242087, 1.000192074,
2179.205673857, 1.000099020,
2179.226105527, 1.000022910,
2179.246537096, 1.000131581,
2179.266968866, 1.000215120,
2179.287400534, 1.000223329,
2179.307832303, 1.000082443,
2179.328263871, 1.000123670,
2179.369127307, 1.000143788,
2179.389558875, 0.999482424,
2179.409990542, 0.993458552,
2179.430422309, 0.990908609,
2179.450853875, 0.993627591,
2179.471285542, 0.999593148,
2179.512148874, 1.000250276,
2179.532580539, 0.999996172,
2179.553012304, 1.000061530,
2179.573443869, 1.000055778,
2179.593875534, 1.000129758,
2179.614307298, 1.000119859,
2179.634738863, 1.000164715,
2179.655170626, 1.000217384,
2179.675602290, 1.000101021,
2179.696033853, 1.000152201,
2179.716465616, 1.000219560,
2179.736897279, 1.000124886,
2179.757328841, 1.000142102,
2179.777760604, 1.000080056,
2179.798192266, 1.000138859,
2179.818623827, 1.001208570,
2179.839055588, 1.000162440,
2179.859487250, 1.000311493,
2179.879918810, 1.000149122,
2179.900350571, 1.000060895,
2179.920782231, 1.000123156,
2179.941213791, 1.000129366,
2179.982077210, 1.000128551,
2180.002508970, 1.000131851,
2180.022940528, 1.000270943,
2180.043372187, 1.000211839,
2180.063803946, 1.000271861,
2180.104667161, 1.000213789,
2180.125098919, 1.000126042,
2180.145530576, 1.000382421,
2180.165962133, 1.000234922,
2180.186393890, 1.000113727,
2180.206825547, 1.000136263,
2180.227257103, 1.000270198,
2180.247688859, 1.000379511,
2180.288552070, 1.000182512,
2180.308983825, 1.000177264,
2180.349847034, 1.000485176,
2180.370278789, 1.000221299,
2180.390710343, 1.000223368,
2180.411142097, 1.000193608,
2180.431573750, 1.000102781,
2180.452005303, 1.000186765,
2180.472437056, 1.000182035,
2180.492868709, 1.000186890,
2180.513300362, 1.000232745,
2180.533732014, 1.000191230,
2180.554163666, 1.000235075,
2180.574595317, 1.000335821,
2180.595026969, 1.000326834,
2180.615458620, 1.000190512,
2180.635890271, 1.000112702,
2180.656322021, 1.000246507,
2180.676753572, 1.000258786,
2180.697185222, 1.000284793,
2180.717616972, 1.000322982,
2180.738048521, 1.000280966,
2180.758480270, 1.000249671,
2180.778911919, 1.000143382,
2180.799343468, 1.000249214,
2180.819775217, 1.000287690,
2180.840206865, 1.000294849,
2180.860638413, 1.000186805,
2180.881070160, 1.000274162,
2180.901501808, 1.000032490,
2180.921933355, 1.000272530,
2180.942365102, 1.000232113,
2180.962796749, 1.000136278,
2180.983228395, 1.000219490,
2181.003660041, 1.000145180,
2181.024091687, 1.000258855,
2181.044523333, 1.000163420,
2181.064954978, 1.000298516,
2181.085386623, 1.000303832,
2181.105818268, 1.000235103,
2181.126249913, 1.000119411,
2181.146681557, 1.000186433,
2181.167113201, 1.000167487,
2181.187544845, 1.000181629,
2181.207976488, 1.000277298,
2181.228408232, 1.000266456,
2181.248839775, 1.000309208,
2181.269271417, 1.000156771,
2181.330566344, 1.000216625,
2181.350998086, 1.000286344,
2181.371429627, 1.000255598,
2181.391861269, 1.000366488,
2181.412293010, 1.000311226,
2181.432724550, 1.000271327,
2181.453156191, 1.000198840,
2181.473587931, 1.000244362,
2181.494019571, 1.000187774,
2181.514451211, 1.000335826,
2181.534882850, 1.000325732,
2181.555314490, 1.000200757,
2181.575746128, 1.000163835,
2181.596177767, 1.000234569,
2181.616609405, 1.000196338,
2181.637041044, 1.000165417,
2181.657472682, 1.000136714,
2181.677904319, 1.000228593,
2181.698336057, 1.000291469,
2181.718767594, 1.000228961,
2181.739199231, 1.000200411,
2181.820925776, 1.000199894,
2181.841357412, 1.000224931,
2181.861789147, 1.000257094,
2181.882220682, 0.997661378,
2181.902652317, 0.991754416,
2181.923084052, 0.991482264,
2181.943515586, 0.996605614,
2181.963947221, 1.000268996,
2181.984378955, 1.000288404,
2182.004810488, 1.000345937,
2182.025242122, 1.000346263,
2182.045673855, 1.000214067,
2182.066105488, 1.000266528,
2182.086537020, 1.000348780,
2182.106968753, 1.000367621,
2182.127400385, 1.000161360,
2182.147831917, 1.000366895,
2182.168263649, 1.000272182,
2182.188695280, 1.000385512,
2182.209127012, 1.000302635,
2182.229558542, 1.000215539,
2182.249990173, 1.000416572,
2182.270421904, 1.000240965,
2182.290853434, 1.000348383,
2182.311285064, 1.000509722,
2182.331716794, 1.000303261,
2182.352148323, 1.000435626,
2182.372579952, 1.000298036,
2182.393011681, 1.000233749,
2182.413443210, 1.000316209,
2182.433874839, 1.000316898,
2182.454306467, 1.000248083,
2182.474738095, 1.000221617,
2182.495169723, 1.000237408,
2182.515601450, 1.000271898,
2182.536032978, 1.000278048,
2182.556464705, 1.000263512,
2182.576896332, 1.000463055,
2182.597327858, 1.000416673,
2182.617759585, 1.000435310,
2182.638191211, 1.000193123,
2182.658622737, 1.000295796,
2182.679054462, 1.000402804,
2182.699486088, 1.000348751,
2182.740349338, 1.000450400,
2182.760780962, 1.000287376,
2182.801644211, 1.000419804,
2182.822075835, 1.000365441,
2182.842507359, 1.000301992,
2182.862939082, 1.000315472,
2182.883370706, 1.000317708,
2182.903802429, 1.000371429,
2182.924233951, 1.000445998,
2182.944665574, 1.000341065,
2182.965097296, 1.000440938,
2182.985528818, 1.000408316,
2183.005960440, 1.000225529,
2183.026392162, 1.000368116,
2183.046823783, 1.000268469,
2183.067255304, 1.000524143,
2183.087687025, 1.000396167,
2183.108118646, 1.000471035,
2183.128550166, 1.000318961,
2183.148981886, 1.000417972,
2183.169413406, 1.000412265,
2183.189845026, 1.000481827,
2183.210276745, 1.000417863,
2183.230708265, 1.000430687,
2183.251139984, 1.000310798,
2183.292003121, 1.000410847,
2183.312434839, 1.000531882,
2183.332866457, 1.000465137,
2183.353297975, 1.000396531,
2183.373729693, 1.000463599,
2183.394161310, 1.000390658,
2183.414592927, 1.000326407,
2183.435024544, 1.000561507,
2183.455456161, 1.000437910,
2183.475887778, 1.000410661,
2183.557614341, 1.000437578,
2183.578045856, 1.000523584,
2183.598477572, 1.000522718,
2183.618909186, 1.000542217,
2183.639340701, 1.000502980,
2183.659772416, 1.000312604,
2183.680204030, 1.000595420,
2183.700635544, 1.000430257,
2183.721067257, 1.000503482,
2183.741498871, 1.000435367,
2183.782362097, 1.000502980,
2183.802793710, 1.000441728,
2183.823225223, 1.000467988,
2183.843656935, 1.000484339,
2183.864088547, 1.000574892,
2183.884520159, 1.000349012,
2183.904951771, 1.000388918,
2183.925383382, 1.000428892,
2183.945814993, 1.000425293,
2183.966246605, 1.000413844,
2183.986678215, 1.000325931,
2184.007109826, 1.000369112,
2184.027541436, 1.000444669,
2184.047973046, 1.000372805,
2184.068404756, 1.000311791,
2184.088836266, 1.000311456,
2184.109267876, 1.000403269,
2184.129699585, 1.000424375,
2184.150131094, 1.000546938,
2184.170562702, 1.000537089,
2184.190994411, 1.000445937,
2184.211425919, 1.000350299,
2184.272720743, 1.000619079,
2184.293152451, 1.000419165,
2184.313584058, 1.000467200,
2184.334015565, 1.000415686,
2184.354447272, 1.000146127,
2184.374878878, 0.994734053,
2184.395310485, 0.991218581,
2184.415742091, 0.993079135,
2184.436173697, 0.999287830,
2184.456605303, 1.000620988,
2184.477036908, 1.000531885,
2184.497468513, 1.000560659,
2184.517900118, 1.000397802,
2184.538331823, 1.000507227,
2184.558763328, 1.000563219,
2184.579194932, 1.000567352,
2184.599626637, 1.000610292,
2184.620058141, 1.000485185,
2184.640489844, 1.000510506,
2184.660921348, 1.000518252,
2184.681352951, 1.000557043,
2184.701784654, 1.000636128,
2184.722216157, 1.000586088,
2184.742647760, 1.000661586,
2184.763079462, 1.000618326,
2184.783510965, 1.000575634,
2184.803942567, 1.000650751,
2184.824374269, 1.000590479,
2184.844805770, 1.000591484,
2184.865237372, 1.000472441,
2184.885669073, 1.000549325,
2184.906100674, 1.000534722,
2184.926532175, 1.000425022,
2184.946963875, 1.000547830,
2185.008258676, 1.000632173,
2185.028690275, 1.000639290,
2185.049121975, 1.000666971,
2185.069553474, 1.000781954,
2185.089985073, 1.000865119,
2185.110416772, 1.000658725,
2185.130848271, 1.000555237,
2185.151279869, 1.000612827,
2185.171711568, 1.000617569,
2185.192143066, 1.000645263,
2185.212574664, 1.000651331,
2185.253437859, 1.000650455,
2185.273869456, 1.000648216,
2185.294301153, 1.000530994,
2185.314732649, 1.000645711,
2185.335164346, 1.000563107,
2185.355595842, 1.000601522,
2185.376027539, 1.000601176,
2185.396459135, 1.000722891,
2185.416890731, 1.000597299,
2185.437322226, 1.000678566,
2185.457753921, 1.000641813,
2185.519048706, 1.000663791,
2185.539480301, 1.000562582,
2185.559911795, 1.000559605,
2185.580343489, 1.000524719,
2185.600775083, 1.000647519,
2185.621206777, 1.000698485,
2185.641638270, 1.000634838,
2185.662069864, 1.000708362,
2185.682501557, 1.000603006,
2185.702933050, 1.000742163,
2185.723364642, 1.000716036,
2185.743796335, 1.000734629,
2185.764227827, 1.000716195,
2185.784659419, 1.000681792,
2185.825522603, 1.000674724,
2185.845954194, 1.000740195,
2185.866385886, 1.000686341,
2185.886817477, 1.000759043,
2185.907248968, 1.000655431,
2185.927680658, 1.000715931,
2185.948112249, 1.000735281,
2185.968543839, 1.000752723,
2185.988975429, 1.000782609,
2186.009407019, 1.000773191,
2186.029838609, 1.000913989,
2186.050270198, 1.000671502,
2186.070701688, 1.000799141,
2186.091133377, 1.000709682,
2186.111564966, 1.000795636,
2186.131996455, 1.000797490,
2186.152428143, 1.000707037,
2186.172859732, 1.000798559,
2186.193291220, 1.000884476,
2186.234154495, 1.000789941,
2186.254586083, 1.000747792,
2186.275017670, 1.000727315,
2186.295449257, 1.000768054,
2186.315880944, 1.000758044,
2186.336312431, 1.000732790,
2186.356744018, 1.000920360,
2186.377175704, 1.000783269,
2186.397607190, 1.000782172,
2186.418038776, 1.000772064,
2186.438470462, 1.000723137,
2186.458902048, 1.000800930,
2186.479333533, 1.000796131,
2186.499765218, 1.000700522,
2186.520196803, 1.000798696,
2186.540628288, 1.000703085,
2186.561059973, 1.000825592,
2186.581491557, 1.000752793,
2186.601923241, 1.000798186,
2186.622354725, 1.000765529,
2186.642786309, 1.000888695,
2186.663217993, 1.000911195,
2186.724512643, 1.000699596,
2186.744944226, 1.000837064,
2186.765375809, 1.000681999,
2186.785807391, 1.000747427,
2186.806238974, 1.000698059,
2186.826670556, 1.000786931,
2186.847102138, 0.999006050,
2186.867533719, 0.992926513,
2186.887965301, 0.991535197,
2186.908396883, 0.995778428,
2186.928828464, 1.000643493,
2186.949260145, 1.000720171,
2186.969691726, 1.000705722,
2186.990123206, 1.000698324,
2187.010554887, 1.000913442,
2187.030986467, 1.000845345,
2187.051417947, 1.000746388,
2187.071849627, 1.000792061,
2187.092281207, 1.000862330,
2187.112712687, 1.000885306,
2187.133144366, 1.000830907,
2187.153575945, 1.000770546,
2187.174007424, 1.000795630,
2187.214870682, 1.000791716,
2187.235302160, 1.000774573,
2187.255733838, 1.000796336,
2187.276165417, 1.000728847,
2187.296597094, 1.000847419,
2187.317028572, 1.000837422,
2187.337460150, 1.000724350,
2187.357891827, 1.000862111,
2187.378323304, 1.000845326,
2187.398754881, 1.000840162,
2187.419186558, 1.000789877,
2187.439618035, 1.000812831,
2187.460049611, 1.000779681,
2187.480481288, 1.000759230,
2187.500912764, 1.000822405,
2187.521344340, 1.000918100,
2187.541776015, 1.000880038,
2187.562207491, 1.000862518,
2187.582639166, 1.000885095,
2187.603070741, 1.000854710,
2187.623502217, 1.000790783,
2187.643933891, 1.000954325,
2187.664365466, 1.000894524,
2187.684796941, 1.000852735,
2187.705228615, 1.000882115,
2187.725660189, 1.000864775,
2187.746091663, 1.000852299,
2187.766523337, 1.000892084,
2187.786954911, 1.000869652,
2187.807386484, 1.000881299,
2187.827818057, 1.000773599,
2187.848249630, 1.001079414,
2187.868681303, 1.000868179,
2187.889112776, 1.000950077,
2187.909544349, 1.000892199,
2187.929976021, 1.000956198,
2187.970839065, 1.000951551,
2187.991270737, 1.000979183,
2188.011702309, 1.000859668,
2188.032133781, 1.000925623,
2188.072997023, 1.000788388,
2188.093428494, 1.000850649,
2188.113860165, 1.000974729,
2188.134291736, 1.000904056,
2188.154723206, 1.000929056,
2188.175154876, 1.000956133,
2188.195586347, 1.000930099,
2188.216018017, 1.000985822,
2188.236449586, 1.000993718,
2188.277312725, 1.001042029,
2188.297744295, 1.000960772,
2188.318175864, 1.001061106,
2188.338607433, 1.000830239,
2188.359039002, 1.000999756,
2188.379470570, 1.000861393,
2188.399902139, 1.000836200,
2188.420333707, 1.000980673,
2188.440765275, 1.001133845,
2188.461196943, 1.001035330,
2188.481628411, 1.001003820,
2188.502060079, 1.001013672,
2188.522491646, 1.000975149,
2188.542923113, 1.001006042,
2188.563354781, 1.000955663,
2188.583786347, 1.001022262,
2188.604217814, 1.001053786,
2188.624649481, 1.001002007,
2188.645081047, 1.001049569,
2188.665512514, 1.001046653,
2188.685944180, 1.001013669,
2188.706375746, 1.001038735,
2188.726807212, 1.000979584,
2188.747238877, 1.001019106,
2188.767670443, 1.000985797,
2188.788102108, 1.001006627,
2188.808533573, 1.001038901,
2188.828965138, 1.000969821,
2188.849396703, 1.001114896,
2188.869828268, 1.001095546,
2188.890259832, 1.001061971,
2188.910691397, 1.001078384,
2188.931122961, 1.001202590,
2188.951554525, 1.001104457,
2188.971986189, 1.001036078,
2188.992417652, 1.001279788,
2189.012849216, 1.001224603,
2189.033280879, 1.001292383,
2189.053712343, 1.001149740,
2189.094575569, 1.001168081,
2189.115007031, 1.001264275,
2189.135438694, 1.001243253,
2189.196733381, 1.001206449,
2189.217164943, 1.001307844,
2189.237596405, 1.001360881,
2189.258028066, 1.001296908,
2189.278459628, 1.001349476,
2189.298891189, 1.001354602,
2189.319322750, 1.001307703,
2189.339754311, 0.996896866,
2189.360185872, 0.992305894,
2189.380617433, 0.993189350,
2189.401048993, 0.999263753,
2189.421480654, 1.001343677,
2189.441912214, 1.001417821,
2189.462343674, 1.001431958,
2189.482775334, 1.001377670,
2189.503206894, 1.001335638,
2189.523638353, 1.001305133,
2189.544070013, 1.001396115,
2189.564501572, 1.001400966,
2189.584933031, 1.001473052,
2189.605364690, 1.001417844,
2189.625796149, 1.001462389,
2189.666659366, 1.001362353,
2189.687090825, 1.001480360,
2189.707522483, 1.001491150,
2189.727954041, 1.001439471,
2189.748385499, 1.001425309,
2189.768817157, 1.001464910,
2189.789248715, 1.001577844,
2189.809680272, 1.001391445,
2189.830111830, 1.001425668,
2189.850543387, 1.001433367,
2189.870974944, 1.001487408,
2189.891406501, 1.001429677,
2189.911838057, 1.001370412,
2189.932269614, 1.001379458,
2189.952701270, 1.001504822,
2189.973132727, 1.001483428,
2189.993564383, 1.001472902,
2190.013995939, 1.001667750,
2190.034427395, 1.001485957,
2190.054859051, 1.001453482,
2190.075290606, 1.001572290,
2190.095722062, 1.001634013,
2190.116153717, 1.001414282,
2190.136585272, 1.001501844,
2190.157016727, 1.001487134,
2190.177448382, 1.001560162,
2190.197879937, 1.001535025,
2190.218311391, 1.001472034,
2190.238743046, 1.001396975,
2190.259174500, 1.001551682,
2190.279606154, 1.001420973,
2190.300037708, 1.001476145,
2190.320469162, 1.001441879,
2190.340900815, 1.001519262,
2190.361332369, 1.001378407,
2190.381763922, 1.001563681,
2190.402195476, 1.001404975,
2190.422627029, 1.001353555,
2190.443058582, 1.001404815,
2190.463490135, 1.001387106,
2190.483921687, 1.001461759,
2190.504353240, 1.001508287,
2190.524784892, 1.001395902,
2190.565647997, 1.001311764,
2190.586079549, 1.001456150,
2190.606511001, 1.001347471,
2190.647374204, 1.001368090,
2190.667805655, 1.001396646,
2190.688237307, 1.001467615,
2190.708668858, 1.001413015,
2190.729100309, 1.001517224,
2190.749531960, 1.001410178,
2190.769963511, 1.001371150,
2190.790395061, 1.001488703,
2190.810826612, 1.001423487,
2190.831258162, 1.001343028,
2190.851689812, 1.001290154,
2190.872121262, 1.001226209,
2190.892552812, 1.001411976,
2190.912984462, 1.001326891,
2190.953847461, 1.001286665,
2190.974279111, 1.001287702,
2190.994710560, 1.001189142,
2191.015142109, 1.001325197,
2191.035573758, 1.001193563,
2191.056005207, 1.001229407,
2191.076436756, 1.001276032,
2191.096868404, 1.001268774,
2191.137731501, 1.001210543,
2191.158163049, 1.001254303,
2191.178594497, 1.001281774,
2191.199026145, 1.001361766,
2191.219457693, 1.001251462,
2191.239889141, 1.001338668,
2191.260320788, 1.001243732,
2191.280752336, 1.001280502,
2191.301183783, 1.001387230,
2191.321615430, 1.001331529,
2191.342046977, 1.001344072,
2191.362478524, 1.001321996,
2191.382910071, 1.001299181,
2191.403341617, 1.001298668,
2191.423773264, 1.001328206,
2191.444204810, 1.001325549,
2191.464636256, 1.001266900,
2191.485067902, 1.001252642,
2191.505499448, 1.001339316,
2191.525930894, 1.001331705,
2191.546362540, 1.001143741,
2191.566794086, 1.001148539,
2191.587225531, 1.001268564,
2191.628088622, 1.001214527,
2191.648520167, 1.001227971,
2191.668951812, 1.001253334,
2191.689383357, 1.001232573,
2191.709814901, 1.001313576,
2191.730246446, 1.001079919,
2191.750677890, 1.001104725,
2191.771109535, 1.001098508,
2191.791541079, 1.001105179,
2191.811972523, 1.000088169,
2191.832404167, 0.994022546,
2191.852835711, 0.991973396,
2191.873267255, 0.994927279,
2191.893698798, 1.000630294,
2191.914130342, 1.001126889,
2191.934561985, 1.001119978,
2191.954993428, 1.001126258,
2191.975424971, 1.001172278,
2191.995856614, 1.001128659,
2192.016288157, 1.001089942,
2192.036719600, 1.001082070,
2192.057151243, 1.000999172,
2192.077582785, 1.000969029,
2192.118445870, 1.000963865,
2192.138877412, 1.001063983,
2192.159308854, 1.000964578,
2192.179740496, 1.000995068,
2192.200172038, 1.000948889,
2192.220603679, 1.001081733,
2192.241035121, 1.001051472,
2192.261466662, 1.000950673,
2192.281898303, 1.000930447,
2192.302329745, 1.000979105,
2192.322761286, 1.000979250,
2192.343192927, 1.000937637,
2192.363624368, 1.000933396,
2192.384055908, 1.000933470,
2192.404487449, 1.000983302,
2192.424918989, 1.000947997,
2192.445350530, 1.000970453,
2192.465782070, 1.000928493,
2192.486213610, 1.000861809,
2192.506645250, 1.001043013,
2192.527076790, 1.000972276,
2192.547508230, 1.000935399,
2192.608802849, 1.000849072,
2192.629234488, 1.000954345,
2192.649666027, 1.000916743,
2192.670097466, 1.000852765,
2192.690529105, 1.000901819,
2192.710960644, 1.000908956,
2192.731392283, 1.000827688,
2192.751823722, 1.000821513,
2192.772255260, 1.000821356,
2192.792686899, 1.000821142,
2192.813118337, 1.000812267,
2192.853981514, 1.000911209,
2192.874412952, 1.000855489,
2192.894844490, 1.000837114,
2192.915276127, 1.000761849,
2192.935707565, 1.000727427,
2192.956139103, 1.000565900,
2192.976570740, 1.000746653,
2192.997002177, 1.000680763,
2193.017433815, 1.000780689,
2193.037865352, 1.000702071,
2193.058296889, 1.000735317,
2193.099159963, 1.000747871,
2193.119591399, 1.000710911,
2193.140023036, 1.000719575,
2193.160454573, 1.000654690,
2193.180886009, 1.000827591,
2193.201317645, 1.000642387,
2193.221749181, 1.000577316,
2193.242180818, 1.000634552,
2193.262612253, 1.000642598,
2193.283043789, 1.000638450,
2193.303475425, 1.000889789,
2193.344338396, 1.000773112,
2193.364770032, 1.000618225,
2193.385201467, 1.000824398,
2193.405633002, 1.000619129,
2193.426064638, 1.000631814,
2193.446496073, 1.000647982,
2193.466927608, 1.000558343,
2193.487359242, 1.000627633,
2193.507790777, 1.000715101,
2193.528222312, 1.000713310,
2193.548653846, 1.000653786,
2193.589516915, 1.000728587,
2193.609948449, 1.000745091,
2193.630379983, 1.000650391,
2193.650811617, 1.000725383,
2193.671243051, 1.000916281,
2193.691674585, 1.000759128,
2193.712106219, 1.000894719,
2193.732537653, 1.000690222,
2193.752969186, 1.000786982,
2193.773400720, 1.000756001,
2193.793832253, 1.000756038,
2193.834695319, 1.000647045,
2193.855126852, 1.000816871,
2193.875558485, 1.000785015,
2193.895989918, 1.000732817,
2193.916421451, 1.000668138,
2193.936853084, 1.000840464,
2193.957284516, 1.000875356,
2193.977716049, 1.000761591,
2193.998147681, 1.000913109,
2194.018579113, 1.000754931,
2194.039010746, 1.000810077,
2194.079873810, 1.000694584,
2194.100305342, 1.000854657,
2194.120736873, 1.000741437,
2194.141168405, 1.000912787,
2194.161600037, 1.000798479,
2194.182031468, 1.000841063,
2194.202463000, 1.000841894,
2194.222894631, 1.000774494,
2194.243326062, 1.000956506,
2194.263757594, 1.000844980,
2194.284189225, 1.000962437,
2194.304620656, 0.997650804,
2194.325052287, 0.992129356,
2194.345483817, 0.992124109,
2194.365915248, 0.997628765,
2194.386346879, 1.000852723,
2194.406778309, 1.000800957,
2194.427209840, 1.000897555,
2194.447641470, 1.000874363,
2194.468072900, 1.000972408,
2194.488504430, 1.000932691,
2194.508936060, 1.000957753,
2194.570230650, 1.001077480,
2194.590662180, 1.000972311,
2194.611093710, 1.000969521,
2194.631525239, 1.000939086,
2194.651956769, 1.000961312,
2194.672388398, 1.001108169,
2194.692819827, 1.001195649,
2194.713251357, 1.001134734,
2194.733682986, 1.001209277,
2194.815409001, 1.001123288,
2194.835840630, 1.001117456,
2194.856272159, 1.001182242,
2194.876703587, 1.001154632,
2194.897135216, 1.001293903,
2194.917566744, 1.001392352,
2194.937998172, 1.001249530,
2194.958429801, 1.001264557,
2194.978861329, 1.001248858,
2195.019724385, 1.001263352,
2195.081018968, 1.001185081,
2195.101450496, 1.001255941,
2195.121882023, 1.001331703,
2195.142313551, 1.001363356,
2195.162745078, 1.001307874,
2195.183176606, 1.001288065,
2195.203608133, 1.001273447,
2195.224039660, 1.001403959,
2195.244471287, 1.001288711,
2195.264902714, 1.001208421,
2195.285334341, 1.001339632,
2195.305765868, 1.001231666,
2195.326197295, 1.001277116,
2195.346628921, 1.001312934,
2195.367060448, 1.001308339,
2195.387491875, 1.001447005,
2195.428355027, 1.001297052,
2195.448786454, 1.001282720,
2195.510081232, 1.001398329,
2195.550944184, 1.001407124,
2195.571375810, 1.001316205,
2195.591807236, 1.001327086,
2195.612238761, 1.001370021,
2195.632670387, 1.001382973,
2195.653101813, 1.001421019,
2195.673533338, 1.001383524,
2195.714396489, 1.001474201,
2195.734828014, 1.001511847,
2195.755259539, 1.001450101,
2195.796122590, 1.001494533,
2195.816554115, 1.001423330,
2195.836985539, 1.001473364,
2195.857417164, 1.001339469,
2195.877848689, 1.001553302,
2195.898280114, 1.001504453,
2195.918711738, 1.001581072,
2195.939143263, 1.001490767,
2195.959574888, 1.001467217,
2195.980006312, 1.001526897,
2196.000437836, 1.001506011,
2196.041300885, 1.001520299,
2196.061732409, 1.001418659,
2196.082164033, 1.001336933,
2196.102595457, 1.001471103,
2196.123026981, 1.001549886,
2196.143458605, 1.001539322,
2196.163890029, 1.001544738,
2196.184321553, 1.001559747,
2196.204753176, 1.001572315,
2196.225184700, 1.001539297,
2196.245616223, 1.001575352,
2196.286479270, 1.001405413,
2196.306910794, 1.001533803,
2196.327342317, 1.001563525,
2196.347773840, 1.001511277,
2196.368205463, 1.001631108,
2196.388636887, 1.001644537,
2196.409068410, 1.001518692,
2196.429499933, 1.001597072,
2196.449931456, 1.001586506,
2196.470363078, 1.001530298,
2196.531657647, 1.001612268,
2196.552089069, 1.001528097,
2196.572520592, 1.001550242,
2196.592952214, 1.001588917,
2196.613383637, 1.001564289,
2196.633815159, 1.001532714,
2196.654246781, 1.001510315,
2196.674678204, 1.001477116,
2196.695109826, 1.001598625,
2196.715541348, 1.001503453,
2196.776835914, 1.000998046,
2196.797267436, 0.995347643,
2196.817698958, 0.992343851,
2196.838130479, 0.994439609,
2196.858562001, 1.000683935,
2196.878993623, 1.001532430,
2196.899425044, 1.001541528,
2196.919856666, 1.001433297,
2196.940288188, 1.001460510,
2196.960719609, 1.001550180,
2197.022014173, 1.001511014,
2197.042445794, 1.001526325,
2197.062877315, 1.001711400,
2197.083308737, 1.001672362,
2197.103740358, 1.001568973,
2197.124171879, 1.001481343,
2197.144603499, 1.001619514,
2197.165034920, 1.001553690,
2197.185466341, 1.001427736,
2197.205897962, 1.001612656,
2197.226329483, 1.001545167,
2197.267192524, 1.001596500,
2197.287624045, 1.001638716,
2197.308055565, 1.001534868,
2197.328487086, 1.001604265,
2197.348918606, 1.001649247,
2197.369350227, 1.001543337,
2197.389781747, 1.001591345,
2197.410213167, 1.001594955,
2197.430644787, 1.001626008,
2197.451076308, 1.001576578,
2197.471507728, 1.001632538,
2197.594097048, 1.001531438,
2197.614528468, 1.001575494,
2197.634959987, 1.001590574,
2197.655391607, 1.001699360,
2197.675823027, 1.001668242,
2197.696254546, 1.001680119,
2197.716686166, 1.001661177,
2197.757549105, 1.001737996,
2197.777980724, 1.001807568,
2197.798412144, 1.001747548,
2197.818843763, 1.001759320,
2197.839275182, 1.001589007,
2197.859706802, 1.001613894,
2197.880138321, 1.001666126,
2197.900569740, 1.001785409,
2197.921001259, 1.001858494,
2197.941432878, 1.001772005,
2197.961864397, 1.001733072,
2198.002727435, 1.001775135,
2198.023158954, 1.001872209,
2198.043590473, 1.001684603,
2198.084453511, 1.001874547,
2198.104885129, 1.001876792,
2198.125316548, 1.001975211,
2198.145748067, 1.001845152,
2198.166179685, 1.001810507,
2198.186611104, 1.001936721,
2198.207042622, 1.001833584,
2198.247905659, 1.001952178,
2198.268337278, 1.001904003,
2198.288768796, 1.001852876,
2198.309200215, 1.001876756,
2198.329631833, 1.001845317,
2198.350063351, 1.001808687,
2198.370494869, 1.001813058,
2198.390926388, 1.001910524,
2198.411357906, 1.001939778,
2198.431789424, 1.001944616,
2198.452220942, 1.001820842,
2198.493083978, 1.001756044,
2198.513515496, 1.001894672,
2198.533947014, 1.001942817,
2198.554378532, 1.001882777,
2198.574810050, 1.001915568,
2198.595241568, 1.001859046,
2198.615673186, 1.001834375,
2198.636104603, 1.001916618,
2198.656536121, 1.001859128,
2198.676967739, 1.001998004,
2198.697399157, 1.001964841,
2198.738262292, 1.001926864,
2198.758693710, 1.001991480,
2198.779125327, 1.002074595,
2198.799556845, 1.001983217,
2198.819988262, 1.001877781,
2198.840419880, 1.001916482,
2198.860851397, 1.002061504,
2198.881282814, 1.002086797,
2198.901714432, 1.001901207,
2198.922145949, 1.002049424,
2198.942577566, 1.002077185,
2199.003872118, 1.002127424,
2199.024303636, 1.002143303,
2199.044735053, 1.002144596,
2199.065166670, 1.002031471,
2199.085598187, 1.002142936,
2199.106029704, 1.002271678,
2199.126461221, 1.002061750,
2199.146892738, 1.002072266,
2199.167324255, 1.002179780,
2199.187755772, 1.002295178,
2199.228618806, 1.002841787,
2199.249050323, 1.002107375,
2199.269481740, 1.000012658,
2199.289913357, 0.993871238,
2199.310344874, 0.993088883,
2199.330776490, 0.997641748,
2199.351207907, 1.002093119,
2199.371639424, 1.002246126,
2199.392071041, 1.002251900,
2199.412502457, 1.002133064,
2199.432933974, 1.002136110,
2199.453365591, 1.002176624,
2199.473797007, 1.002160462,
2199.494228524, 1.002303060,
2199.514660141, 1.002235309,
2199.535091557, 1.002286328,
2199.555523174, 1.002245429,
2199.575954690, 1.002209011,
2199.596386207, 1.002327595,
2199.616817723, 1.002264470,
2199.637249240, 1.002310512,
2199.657680756, 1.002085816,
2199.718975306, 1.002269149,
2199.739406922, 1.002232632,
2199.759838338, 1.002173840,
2199.780269955, 1.002280883,
2199.800701471, 1.002200414,
2199.821132887, 1.002259940,
2199.841564504, 1.002159236,
2199.861995920, 1.002164173,
2199.882427436, 1.002333092,
2199.902859053, 1.002214151,
2199.923290469, 1.002294025,
2199.964153601, 1.002295453,
2199.984585017, 1.002235883,
2200.005016634, 1.002358866,
2200.025448150, 1.002243738,
2200.045879566, 1.002261602,
2200.066311182, 1.002397154,
2200.086742698, 1.002226447,
2200.107174214, 1.002252748,
2200.127605730, 1.002196229,
2200.148037246, 1.002186729,
2200.168468862, 1.002212407,
2200.209331795, 1.002220501,
2200.229763411, 1.002232593,
2200.250194927, 1.002232058,
2200.270626343, 1.002228306,
2200.291057959, 1.002226850,
2200.311489475, 1.002241923,
2200.331920890, 1.002175619,
2200.393215638, 1.002199095,
2200.413647054, 1.002253079,
2200.454510186, 1.002104373,
2200.474941602, 1.002150364,
2200.495373118, 1.002135642,
2200.515804634, 1.002180130,
2200.536236150, 1.002138963,
2200.556667666, 1.002240217,
2200.577099181, 1.002239592,
2200.597530697, 1.002303406,
2200.617962313, 1.002260886,
2200.638393729, 1.002259769,
2200.699688276, 1.002225240,
2200.720119792, 1.002162965,
2200.740551408, 1.002108767,
2200.760982824, 1.002228718,
2200.781414340, 1.002159795,
2200.801845955, 1.002200451,
2200.822277471, 1.002118645,
2200.842708987, 1.002242921,
2200.863140503, 1.002223014,
2200.883572019, 1.002165797,
2200.904003634, 1.002099114,
2200.944866566, 1.002210432,
2200.965298182, 1.002072798,
2200.985729597, 1.002257816,
2201.006161213, 1.002021208,
2201.026592729, 1.002151398,
2201.047024145, 1.002197509,
2201.067455761, 1.002091176,
2201.087887276, 1.002106141,
2201.108318692, 1.002154833,
2201.128750308, 1.002136493,
2201.149181824, 1.002138445,
2201.190044855, 1.002060471,
2201.210476371, 1.002111644,
2201.230907887, 1.002054715,
2201.251339402, 1.002342542,
2201.271770918, 1.002110107,
2201.292202434, 1.002080683,
2201.312633950, 1.002108617,
2201.333065466, 1.002087607,
2201.353496981, 1.002058630,
2201.373928497, 1.002039546,
2201.394360013, 1.002001893,
2201.435223045, 1.002102492,
2201.455654660, 1.002141110,
2201.476086176, 1.002049707,
2201.496517592, 1.002084282,
2201.516949208, 1.002019549,
2201.537380724, 1.002131469,
2201.557812139, 1.002113737,
2201.578243755, 1.001982069,
2201.598675271, 1.001973219,
2201.619106687, 1.002078217,
2201.659969819, 1.002018683,
2201.680401435, 1.002064725,
2201.700832850, 1.002013439,
2201.721264366, 1.001987808,
2201.741695982, 1.001864750,
2201.762127398, 0.996950658,
2201.782558914, 0.992977187,
2201.802990530, 0.993922835,
2201.823421946, 1.000270029,
2201.843853562, 1.001984916,
2201.864285078, 1.002081380,
2201.884716494, 1.001940525,
2201.925579526, 1.002027603,
2201.946011042, 1.002054210,
2201.966442658, 1.001998108,
2201.986874174, 1.002025441,
2202.007305590, 1.002066176,
2202.027737206, 1.002079181,
2202.048168722, 1.002025664,
2202.068600238, 1.002109047,
2202.089031754, 1.002041837,
2202.109463270, 1.002075587,
2202.129894886, 1.002012611,
2202.170757818, 1.002136399,
2202.191189435, 1.002061557,
2202.211620851, 1.002100399,
2202.232052367, 1.002047252,
2202.252483983, 1.002030623,
2202.272915399, 1.002061501,
2202.293347016, 1.002065881,
2202.313778532, 1.002083972,
2202.334209948, 1.002084884,
2202.354641564, 1.002072342,
2202.415936113, 1.002111988,
2202.436367630, 1.002047360,
2202.456799246, 1.002035811,
2202.477230662, 1.001974791,
2202.497662179, 1.002068811,
2202.518093695, 1.002049622,
2202.538525211, 1.002234507,
2202.558956728, 1.002119081,
2202.579388244, 1.002146303,
2202.599819761, 1.002084755,
2202.661114311, 1.002109637,
2202.681545927, 1.002211641,
2202.701977444, 1.002116064,
2202.722408860, 1.002236325,
2202.742840477, 1.002182740,
2202.763271994, 1.002239259,
2202.783703410, 1.002096851,
2202.804135027, 1.002152169,
2202.824566544, 1.002313536,
2202.844997960, 1.002246921,
2202.926724128, 1.002183025,
2202.947155645, 1.002204136,
2202.967587261, 1.002215796,
2202.988018678, 1.002204075,
2203.008450195, 1.002215394,
2203.028881812, 1.002264176,
2203.049313229, 1.002302177,
2203.069744846, 1.002263784,
2203.090176363, 1.002446301,
2203.110607880, 1.002337103,
2203.151470915, 1.002239610,
2203.171902432, 1.002347517,
2203.192333949, 1.002347841,
2203.212765466, 1.002297995,
2203.233196983, 1.002258762,
2203.253628501, 1.002517131,
2203.274060018, 1.002137954,
2203.294491635, 1.002349629,
2203.314923053, 1.002327149,
2203.335354570, 1.002325958,
2203.355786188, 1.002377357,
2203.396649122, 1.002318864,
2203.417080740, 1.002344542,
2203.437512157, 1.002309153,
2203.457943675, 1.002295216,
2203.478375293, 1.002279277,
2203.498806710, 1.002284591,
2203.519238328, 1.002330102,
2203.539669846, 1.002282892,
2203.560101263, 1.002280421,
2203.580532881, 1.002368035,
2203.600964399, 1.002435406,
2203.641827435, 1.002331734,
2203.662258953, 1.002533001,
2203.682690570, 1.002706777,
2203.703121988, 1.002307906,
2203.723553506, 1.002361285,
2203.743985124, 1.002489580,
2203.764416643, 1.002415759,
2203.784848061, 1.002469317,
2203.805279679, 1.002463568,
2203.825711197, 1.002446636,
2203.846142615, 1.002359447,
2203.887005752, 1.002412624,
2203.907437270, 1.002328539,
2203.927868788, 1.002542956,
2203.948300207, 1.002473635,
2203.968731825, 1.002484238,
2203.989163344, 1.002463224,
2204.009594762, 1.002445173,
2204.030026381, 1.002448323,
2204.050457899, 1.002430729,
2204.070889318, 1.003520430,
2204.132184074, 1.002574561,
2204.152615493, 1.002504401,
2204.173047012, 1.002594037,
2204.193478631, 1.002454355,
2204.213910050, 1.002517903,
2204.234341569, 1.001120122,
2204.254773188, 0.995058568,
2204.275204707, 0.993207233,
2204.295636226, 0.996671907,
2204.316067745, 1.002272429,
2204.336499264, 1.002567024,
2204.377362303, 1.002443348,
2204.397793822, 1.002544738,
2204.418225341, 1.002452779,
2204.438656861, 1.002509558,
2204.459088380, 1.002418876,
2204.479520000, 1.002464888,
2204.499951419, 1.002476504,
2204.520383039, 1.002592276,
2204.540814458, 1.002528424,
2204.561245978, 1.002532165,
2204.622540537, 1.002511128,
2204.642972157, 1.002353379,
2204.663403577, 1.002375786,
2204.683835197, 1.002395230,
2204.704266717, 1.002420954,
2204.724698137, 1.002355501,
2204.745129757, 1.002362553,
2204.765561277, 1.002218566,
2204.785992698, 1.002436970,
2204.806424318, 1.002434108,
2204.826855838, 1.002405157,
2204.867718879, 1.002355931,
2204.888150399, 1.002293241,
2204.908582020, 1.002439721,
2204.929013540, 1.002222728,
2204.949444961, 1.002240918,
2204.969876582, 1.002314919,
2204.990308102, 1.002240325,
2205.010739523, 1.002360784,
2205.031171144, 1.002149769,
2205.051602665, 1.002265089,
2205.072034086, 1.002382016,
2205.112897228, 1.002209682,
2205.133328849, 1.002116348,
2205.153760270, 1.002189748,
2205.174191791, 1.002234503,
2205.194623312, 1.002056991,
2205.215054834, 1.002153271,
2205.235486355, 1.002194134,
2205.255917877, 1.002111949,
2205.276349398, 1.002163590,
2205.296781020, 1.002036475,
2205.317212441, 1.002059665,
2205.358075584, 1.001961874,
2205.378507006, 1.001952142,
2205.398938528, 1.002018024,
2205.419370150, 1.001983071,
2205.439801572, 1.001926061,
2205.460233094, 1.001971859,
2205.480664716, 1.002052802,
2205.501096238, 1.001993818,
2205.521527760, 1.002064537,
2205.541959282, 1.001992297,
2205.562390805, 1.001933904,
2205.603253849, 1.001830616,
2205.623685372, 1.001798508,
2205.644116994, 1.001681021,
2205.664548417, 1.001588040,
2205.684979940, 1.001687268,
2205.705411562, 1.001731408,
2205.725842985, 1.001713343,
2205.746274608, 1.001645100,
2205.766706131, 1.001801936,
2205.787137554, 1.001781260,
2205.807569177, 1.001605508,
2205.848432123, 1.001573308,
2205.868863746, 1.001605527,
2205.889295269, 1.001482153,
2205.909726793, 1.001399016,
2205.930158316, 1.001557861,
2205.950589740, 1.001610311,
2205.971021363, 1.001479328,
2205.991452887, 1.001507273,
2206.011884410, 1.001504716,
2206.032315934, 1.001497830,
2206.052747458, 1.001493810,
2206.114042030, 1.001490027,
2206.134473654, 1.001421754,
2206.154905178, 1.001395081,
2206.175336602, 1.001479298,
2206.195768226, 1.001364169,
2206.216199751, 1.001498860,
2206.236631175, 1.001469346,
2206.257062800, 1.004901039,
2206.338788898, 1.001318898,
2206.359220523, 1.001195689,
2206.379651948, 1.001205175,
2206.400083473, 1.001377481,
2206.420515098, 1.001207929,
2206.440946523, 1.001259717,
2206.461378048, 1.001145241,
2206.481809674, 1.001135164,
2206.502241099, 1.001684494,
2206.522672724, 1.004642422,
2206.543104250, 1.005628635,
2206.583967301, 1.001106473,
2206.604398727, 1.001050482,
2206.624830252, 1.001070234,
2206.645261878, 1.001114315,
2206.665693304, 1.001101974,
2206.686124830, 1.001122006,
2206.706556456, 1.000964559,
2206.726987982, 0.999258120,
2206.747419509, 0.996062955,
2206.767851035, 0.996735932,
2206.788282561, 1.001151686,
2206.829145614, 1.001129773,
2206.849577141, 1.000963806,
2206.870008767, 1.000940053,
2206.890440194, 1.001048032,
2206.931303348, 1.001149608,
2206.951734775, 1.000997919,
2206.972166402, 1.000962149,
2206.992597929, 1.000917966,
2207.013029356, 1.001003402,
2207.033460984, 1.000981744,
2207.074323939, 1.001028103,
2207.094755566, 1.000955706,
2207.115187094, 1.001005463,
2207.135618721, 1.001040661,
2207.156050149, 1.000939804,
2207.176481677, 1.001061397,
2207.196913305, 1.001057816,
2207.217344733, 1.001012067,
2207.237776261, 1.000994533,
2207.258207789, 1.001024190,
2207.278639418, 1.001064245,
2207.319502474, 1.001109020,
2207.339933903, 1.001066472,
2207.360365532, 1.001031834,
2207.380797060, 1.001000884,
2207.401228489, 1.001288871,
2207.421660118, 1.001075587,
2207.442091647, 1.001050865,
2207.462523076, 1.001105288,
2207.503386234, 1.001224420,
2207.523817864, 1.001115747,
2207.564680822, 1.001200033,
2207.585112452, 1.001173426,
2207.605543882, 1.001137371,
2207.625975411, 1.001254619,
2207.646407041, 1.001243199,
2207.666838471, 1.001195109,
2207.687270001, 1.001325897,
2207.707701631, 1.001317852,
2207.728133061, 1.001399838,
2207.748564692, 1.001373516,
2207.768996222, 1.001391365,
2207.809859283, 1.001350239,
2207.830290814, 1.001323547,
2207.850722344, 1.001303173,
2207.871153875, 1.001356610,
2207.891585406, 1.001388328,
2207.912016937, 1.001373037,
2207.932448468, 1.001420639,
2207.952879999, 1.001453053,
2207.973311530, 1.001517345,
2207.993743062, 1.001540140,
2208.014174593, 1.001585121,
2208.055037656, 1.001637691,
2208.075469188, 1.001501501,
2208.095900820, 1.001580004,
2208.116332252, 1.001489981,
2208.136763884, 1.001599036,
2208.157195416, 1.001571052,
2208.177626848, 1.001618436,
2208.198058481, 1.001566757,
2208.218490013, 1.001652109,
2208.238921445, 1.001665233,
2208.259353078, 1.001694736,
2208.300216043, 1.001648906,
2208.320647676, 1.001652801,
2208.341079209, 1.001848031,
2208.361510842, 1.001752961,
2208.381942276, 1.001732973,
2208.402373809, 1.001783448,
2208.422805442, 1.001779947,
2208.443236876, 1.001756451,
2208.463668409, 1.001873544,
2208.484100043, 1.001774706,
2208.504531577, 1.001819977,
2208.545394644, 1.001594111,
2208.565826178, 1.001658665,
2208.586257713, 1.001718067,
2208.606689247, 1.001734139,
2208.627120681, 1.001718127,
2208.647552316, 1.001868433,
2208.667983850, 1.001822314,
2208.688415285, 1.001885660,
2208.708846920, 1.001914721,
2208.729278455, 1.001863986,
2208.749710090, 1.001855875,
2208.790573060, 1.001644800,
2208.811004695, 1.001775346,
2208.831436130, 1.001703430,
2208.851867666, 1.001744683,
2208.872299302, 1.001730155,
2208.892730737, 1.001794242,
2208.913162373, 1.001747770,
2208.933593909, 1.001647673,
2208.954025345, 1.001759824,
2208.974456981, 1.001621971,
2208.994888517, 1.001820725,
2209.056183127, 1.001783070,
2209.076614663, 1.001886031,
2209.097046200, 1.001681822,
2209.117477737, 1.001817835,
2209.137909374, 1.001735651,
2209.158340911, 1.001821182,
2209.178772348, 1.001758464,
2209.199203985, 1.001233666,
2209.219635523, 0.995198869,
2209.240066960, 0.992645492,
2209.280930036, 1.001023029,
2209.301361674, 1.001785997,
2209.321793211, 1.001883498,
2209.342224650, 1.001898989,
2209.362656288, 1.001757377,
2209.383087826, 1.001830119,
2209.403519264, 1.001859565,
2209.423950903, 1.001920067,
2209.444382442, 1.001997399,
2209.464813880, 1.001795213,
2209.485245519, 1.001969127,
2209.526108697, 1.001744991,
2209.546540136, 1.001867606,
2209.566971676, 1.001895640,
2209.587403315, 1.001912489,
2209.607834755, 1.001897448,
2209.628266294, 1.001857694,
2209.648697934, 1.001978749,
2209.669129474, 1.001881749,
2209.689561014, 1.001955668,
2209.709992554, 1.001964867,
2209.730424094, 1.001934710,
2209.771287175, 1.001975299,
2209.791718716, 1.002023300,
2209.812150356, 1.002024381,
2209.832581797, 1.002010568,
2209.853013338, 1.001872222,
2209.873444879, 1.002047797,
2209.893876420, 1.002033554,
2209.914308061, 1.001902453,
2209.934739503, 1.002063295,
2209.955171044, 1.002116644,
2209.975602686, 1.002138573,
2210.016465670, 1.002134785,
2210.036897311, 1.002237905,
2210.057328754, 1.002205811,
2210.077760396, 1.002138967,
2210.098191938, 1.002213733,
2210.118623381, 1.002174274,
2210.139055023, 1.002311784,
2210.159486566, 1.002235145,
2210.179918109, 1.002163230,
2210.200349652, 1.002305519,
2210.220781195, 1.002311843,
2210.261644281, 1.002329414,
2210.282075825, 1.002342576,
2210.302507468, 1.002304610,
2210.322938912, 1.002388994,
2210.343370456, 1.002250220,
2210.363802100, 1.002329207,
2210.384233644, 1.002380408,
2210.404665088, 1.002371070,
2210.425096732, 1.002401976,
2210.445528277, 1.002423767,
2210.465959921, 1.002499338,
2210.486391366, 1.002433148,
2210.506822911, 1.002596419,
2210.527254456, 1.002473197,
2210.547686001, 1.002413927,
2210.568117546, 1.002543114,
2210.588549191, 1.002635700,
2210.608980637, 1.002454698,
2210.629412183, 1.002416228,
2210.649843728, 1.002538946,
2210.670275274, 1.002463755,
2210.690706920, 1.002502054,
2210.711138366, 1.002481086,
2210.752001559, 1.002658587,
2210.772433005, 1.002678858,
2210.792864552, 1.002705880,
2210.813296199, 1.002524173,
2210.833727745, 1.002706337,
2210.854159292, 1.002640487,
2210.874590840, 1.002792302,
2210.895022387, 1.002659266,
2210.915453934, 1.002622935,
2210.935885482, 1.002768699,
2210.956317029, 1.002705653,
2210.997180125, 1.002722373,
2211.017611673, 1.002709458,
2211.038043321, 1.002796890,
2211.058474770, 1.002705692,
2211.078906418, 1.002808845,
2211.099337967, 1.002836376,
2211.119769416, 1.002795755,
2211.140201064, 1.002784489,
2211.160632613, 1.002748201,
2211.181064063, 1.002817503,
2211.201495712, 1.002731436,
2211.242358811, 1.002780666,
2211.262790361, 1.002890958,
2211.283221810, 1.002862018,
2211.303653460, 1.002865444,
2211.324085010, 1.002772597,
2211.344516461, 1.002866484,
2211.364948111, 1.002804611,
2211.385379661, 1.002935746,
2211.405811212, 1.002922827,
2211.426242763, 1.002835988,
2211.446674314, 1.002876387,
2211.487537416, 1.002937159,
2211.507968967, 1.002861127,
2211.528400618, 1.002955684,
2211.548832170, 1.002882123,
2211.569263622, 1.002897881,
2211.589695274, 1.002859124,
2211.610126826, 1.002811076,
2211.630558378, 1.002978450,
2211.650989930, 1.002930814,
2211.671421483, 1.002870288,
2211.691853135, 1.000356958,
2211.732716141, 0.993720206,
2211.753147794, 0.998723512,
2211.773579247, 1.002829335,
2211.794010800, 1.002835682,
2211.814442454, 1.002798125,
2211.834873908, 1.002811285,
2211.855305561, 1.002938970,
2211.875737115, 1.002927689,
2211.896168569, 1.002877594,
2211.916600223, 1.002835973,
2211.937031678, 1.002875917,
2211.977894887, 1.002803921,
2211.998326342, 1.002912836,
2212.018757996, 1.002767209,
2212.039189552, 1.002808045,
2212.059621107, 1.002882727,
2212.080052662, 1.002770013,
2212.100484218, 1.002871240,
2212.120915773, 1.002808211,
2212.141347329, 1.002788165,
2212.161778885, 1.002894433,
2212.202642097, 1.002880640,
2212.223073554, 1.002825753,
2212.243505210, 1.002752662,
2212.284368224, 1.002896659,
2212.304799881, 1.002837187,
2212.325231438, 1.002699907,
2212.345662895, 1.002872581,
2212.366094553, 1.002889487,
2212.386526110, 1.002950264,
2212.406957768, 1.002789737,
2212.427389226, 1.002793122,
2212.468252442, 1.002752771,
2212.488683900, 1.002885371,
2212.509115459, 1.002822040,
2212.529547118, 1.002782618,
2212.549978576, 1.002737414,
2212.570410135, 1.002783710,
2212.590841695, 1.002936298,
2212.611273254, 1.002877929,
2212.631704913, 1.002836834,
2212.652136373, 1.002751944,
2212.672567933, 1.003014007,
2212.713431152, 1.002787441,
2212.754294273, 1.002717024,
2212.774725834, 1.002828194,
2212.795157294, 1.002914082,
2212.815588955, 1.003018073,
2212.836020516, 1.002969367,
2212.856452177, 1.002884637,
2212.876883638, 1.002861790,
2212.897315200, 1.002892628,
2212.917746862, 1.002883206,
2212.958609885, 1.002821050,
2212.979041547, 1.002871440,
2212.999473010, 1.002837621,
2213.019904672, 1.002759775,
2213.040336235, 1.002881346,
2213.060767697, 1.003214685,
2213.081199360, 1.003097260,
2213.101630923, 1.002864512,
2213.122062387, 1.002819206,
2213.142494050, 1.002782290,
2213.162925613, 1.002993591,
2213.203788741, 1.002746606,
2213.224220305, 1.002966327,
2213.244651869, 1.002743095,
2213.265083434, 1.002727907,
